xof 0303txt 0032
template ColorRGBA {
 <35ff44e0-6c7c-11cf-8f52-0040333594a3>
 FLOAT red;
 FLOAT green;
 FLOAT blue;
 FLOAT alpha;
}

template ColorRGB {
 <d3e16e81-7835-11cf-8f52-0040333594a3>
 FLOAT red;
 FLOAT green;
 FLOAT blue;
}

template Material {
 <3d82ab4d-62da-11cf-ab39-0020af71e433>
 ColorRGBA faceColor;
 FLOAT power;
 ColorRGB specularColor;
 ColorRGB emissiveColor;
 [...]
}

template TextureFilename {
 <a42790e1-7810-11cf-8f52-0040333594a3>
 STRING filename;
}

template Frame {
 <3d82ab46-62da-11cf-ab39-0020af71e433>
 [...]
}

template Matrix4x4 {
 <f6f23f45-7686-11cf-8f52-0040333594a3>
 array FLOAT matrix[16];
}

template FrameTransformMatrix {
 <f6f23f41-7686-11cf-8f52-0040333594a3>
 Matrix4x4 frameMatrix;
}

template Vector {
 <3d82ab5e-62da-11cf-ab39-0020af71e433>
 FLOAT x;
 FLOAT y;
 FLOAT z;
}

template MeshFace {
 <3d82ab5f-62da-11cf-ab39-0020af71e433>
 DWORD nFaceVertexIndices;
 array DWORD faceVertexIndices[nFaceVertexIndices];
}

template Mesh {
 <3d82ab44-62da-11cf-ab39-0020af71e433>
 DWORD nVertices;
 array Vector vertices[nVertices];
 DWORD nFaces;
 array MeshFace faces[nFaces];
 [...]
}

template MeshMaterialList {
 <f6f23f42-7686-11cf-8f52-0040333594a3>
 DWORD nMaterials;
 DWORD nFaceIndexes;
 array DWORD faceIndexes[nFaceIndexes];
 [Material <3d82ab4d-62da-11cf-ab39-0020af71e433>]
}

template VertexElement {
 <f752461c-1e23-48f6-b9f8-8350850f336f>
 DWORD Type;
 DWORD Method;
 DWORD Usage;
 DWORD UsageIndex;
}

template DeclData {
 <bf22e553-292c-4781-9fea-62bd554bdd93>
 DWORD nElements;
 array VertexElement Elements[nElements];
 DWORD nDWords;
 array DWORD data[nDWords];
}

template XSkinMeshHeader {
 <3cf169ce-ff7c-44ab-93c0-f78f62d172e2>
 WORD nMaxSkinWeightsPerVertex;
 WORD nMaxSkinWeightsPerFace;
 WORD nBones;
}

template SkinWeights {
 <6f0d123b-bad2-4167-a0d0-80224f25fabb>
 STRING transformNodeName;
 DWORD nWeights;
 array DWORD vertexIndices[nWeights];
 array FLOAT weights[nWeights];
 Matrix4x4 matrixOffset;
}

template AnimTicksPerSecond {
 <9e415a43-7ba6-4a73-8743-b73d47e88476>
 DWORD AnimTicksPerSecond;
}

template Animation {
 <3d82ab4f-62da-11cf-ab39-0020af71e433>
 [...]
}

template AnimationSet {
 <3d82ab50-62da-11cf-ab39-0020af71e433>
 [Animation <3d82ab4f-62da-11cf-ab39-0020af71e433>]
}

template FloatKeys {
 <10dd46a9-775b-11cf-8f52-0040333594a3>
 DWORD nValues;
 array FLOAT values[nValues];
}

template TimedFloatKeys {
 <f406b180-7b3b-11cf-8f52-0040333594a3>
 DWORD time;
 FloatKeys tfkeys;
}

template AnimationKey {
 <10dd46a8-775b-11cf-8f52-0040333594a3>
 DWORD keyType;
 DWORD nKeys;
 array TimedFloatKeys keys[nKeys];
}


Material Material__74 {
 1.000000;1.000000;1.000000;1.000000;;
 10.000000;
 0.000000;0.000000;0.000000;;
 0.000000;0.000000;0.000000;;

 TextureFilename {
  "lavasat_metal.tga";
 }
}

Material Material__75 {
 1.000000;1.000000;1.000000;1.000000;;
 10.000000;
 0.000000;0.000000;0.000000;;
 0.000000;0.000000;0.000000;;

 TextureFilename {
  "lavasat.tga";
 }
}

Material Material__76 {
 1.000000;1.000000;1.000000;1.000000;;
 10.000000;
 0.000000;0.000000;0.000000;;
 0.000000;0.000000;0.000000;;

 TextureFilename {
  "volcano.tga";
 }
}

Frame ValveBiped_Bip01 {
 

 FrameTransformMatrix {
  0.006718,-0.122402,-0.992458,0.000000,0.008925,0.992448,-0.122341,0.000000,0.999938,-0.008036,0.007760,0.000000,0.002174,109.172787,0.000000,1.000000;;
 }

 Frame ValveBiped_Bip01_Pelvis {
  

  FrameTransformMatrix {
   0.010002,0.999950,-0.000002,0.000000,0.000007,0.000002,1.000000,0.000000,0.999950,-0.010002,-0.000007,0.000000,0.037552,-0.889420,0.007668,1.000000;;
  }

  Frame ValveBiped_Bip01_L_Thigh {
   

   FrameTransformMatrix {
    -0.774140,0.556962,-0.300832,0.000000,-0.631339,-0.713877,0.302970,0.000000,-0.046014,0.424468,0.904273,0.000000,-0.000031,35.790371,0.000053,1.000000;;
   }

   Frame ValveBiped_Bip01_L_Calf {
    

    FrameTransformMatrix {
     0.478653,0.000000,-0.878004,0.000000,-0.000000,1.000000,0.000000,0.000000,0.878004,0.000000,0.478653,0.000000,64.437485,0.000008,0.000001,1.000000;;
    }

    Frame ValveBiped_Bip01_L_Foot {
     

     FrameTransformMatrix {
      0.992979,0.014545,-0.117398,0.000000,-0.058244,0.923903,-0.378169,0.000000,0.102964,0.382351,0.918263,0.000000,48.716736,-0.000015,0.000008,1.000000;;
     }

     Frame ValveBiped_Bip01_L_Toe0 {
      

      FrameTransformMatrix {
       -0.991193,0.082695,0.103433,0.000000,0.044869,0.944574,-0.325218,0.000000,-0.124594,-0.317713,-0.939965,0.000000,20.902878,0.875374,51.232064,1.000000;;
      }
     }
    }
   }
  }

  Frame ValveBiped_Bip01_R_Thigh {
   

   FrameTransformMatrix {
    -0.753927,-0.624433,0.204149,0.000000,0.519302,-0.756785,-0.396992,0.000000,0.402392,-0.193288,0.894830,0.000000,0.000061,-35.790378,-0.000041,1.000000;;
   }

   Frame ValveBiped_Bip01_R_Calf {
    

    FrameTransformMatrix {
     -0.167609,0.000000,-0.985854,0.000000,-0.000000,1.000000,-0.000000,0.000000,0.985854,0.000000,-0.167609,0.000000,64.437472,-0.000008,-0.000008,1.000000;;
    }

    Frame ValveBiped_Bip01_R_Foot {
     

     FrameTransformMatrix {
      0.928907,0.125622,0.348356,0.000000,-0.218253,0.945678,0.240954,0.000000,-0.299164,-0.299854,0.905864,0.000000,48.716723,0.000015,-0.000008,1.000000;;
     }

     Frame ValveBiped_Bip01_R_Toe0 {
      

      FrameTransformMatrix {
       -0.922890,0.030968,0.383816,0.000000,0.164608,0.932824,0.320537,0.000000,-0.348106,0.358999,-0.865992,0.000000,20.902878,-0.875374,51.232054,1.000000;;
      }
     }
    }
   }
  }

  Frame ValveBiped_Bip01_Spine {
   

   FrameTransformMatrix {
    0.080791,-0.041993,0.995846,0.000000,-0.000843,0.999109,0.042199,0.000000,-0.996731,-0.004249,0.080683,0.000000,0.238625,0.361000,16.736226,1.000000;;
   }

   Frame ValveBiped_Bip01_Spine1 {
    

    FrameTransformMatrix {
     0.999115,0.035564,-0.022453,0.000000,-0.037377,0.995569,-0.086285,0.000000,0.019285,0.087047,0.996017,0.000000,59.368147,-0.003965,-0.050308,1.000000;;
    }

    Frame ValveBiped_Bip01_Spine2 {
     

     FrameTransformMatrix {
      0.990843,0.085460,0.104538,0.000000,-0.086459,0.996243,0.005061,0.000000,-0.103712,-0.014053,0.994508,0.000000,63.925402,-0.000032,-0.031372,1.000000;;
     }

     Frame ValveBiped_Bip01_Neck {
      

      FrameTransformMatrix {
       0.996163,-0.063861,0.059837,0.000000,0.065495,0.997521,-0.025746,0.000000,-0.058044,0.029566,0.997876,0.000000,39.836602,-0.039283,-9.448593,1.000000;;
      }

      Frame ValveBiped_Bip01_Neck1 {
       

       FrameTransformMatrix {
        0.992958,0.004128,0.118391,0.000000,-0.005631,0.999908,0.012363,0.000000,-0.118329,-0.012943,0.992890,0.000000,37.028794,-0.000502,-0.031311,1.000000;;
       }

       Frame ValveBiped_Bip01_Head1 {
        

        FrameTransformMatrix {
         -0.029577,0.026981,-0.999198,0.000000,0.071323,0.997144,0.024814,0.000000,0.997015,-0.070532,-0.031417,0.000000,39.341965,-0.000000,0.000000,1.000000;;
        }

        Frame ValveBiped_Bip01_Ponytail1 {
         

         FrameTransformMatrix {
          -0.342101,0.000003,0.939664,0.000000,-0.000003,1.000000,-0.000004,0.000000,-0.939663,-0.000004,-0.342101,0.000000,-12.175094,0.010876,-2.773666,1.000000;;
         }
        }
       }
      }

      Frame ValveBiped_Bip01_L_Clavicle {
       

       FrameTransformMatrix {
        -0.172105,0.973380,-0.151366,0.000000,0.983923,0.162421,-0.074261,0.000000,-0.047699,-0.161713,-0.985684,0.000000,-31.590019,7.154060,-0.876587,1.000000;;
       }

       Frame ValveBiped_Bip01_L_UpperArm {
        

        FrameTransformMatrix {
         0.377020,-0.177575,-0.909023,0.000000,0.905443,0.277307,0.321364,0.000000,0.195012,-0.944229,0.265335,0.000000,39.388368,-0.000015,-0.000015,1.000000;;
        }

        Frame ValveBiped_Bip01_L_Forearm {
         

         FrameTransformMatrix {
          0.671516,0.000000,-0.740990,0.000000,-0.000000,1.000000,0.000000,0.000000,0.740990,0.000000,0.671516,0.000000,83.440659,0.000000,-0.000038,1.000000;;
         }

         Frame ValveBiped_Bip01_L_Hand {
          

          FrameTransformMatrix {
           0.497865,0.399589,-0.769714,0.000000,0.281441,0.765053,0.579211,0.000000,0.820318,-0.504998,0.268433,0.000000,62.856954,-0.000008,-0.000015,1.000000;;
          }

          Frame ValveBiped_Bip01_L_Finger0 {
           

           FrameTransformMatrix {
            0.999678,-0.000014,0.025365,0.000000,-0.000006,1.000000,0.000796,0.000000,-0.025365,-0.000796,0.999678,0.000000,40.627974,-0.002007,2.510602,1.000000;;
           }

           Frame ValveBiped_Bip01_L_Finger1 {
            

            FrameTransformMatrix {
             1.000000,-0.000000,-0.000000,0.000000,-0.000000,1.000000,0.000000,0.000000,0.000000,0.000000,1.000000,0.000000,16.523026,0.000000,0.000001,1.000000;;
            }
           }
          }
         }
        }
       }
      }

      Frame ValveBiped_Bip01_R_Clavicle {
       

       FrameTransformMatrix {
        0.222482,-0.970958,-0.087991,0.000000,-0.972849,-0.227003,0.045108,0.000000,-0.063772,0.075566,-0.995099,0.000000,-30.432221,-10.972432,-1.412933,1.000000;;
       }

       Frame ValveBiped_Bip01_R_UpperArm {
        

        FrameTransformMatrix {
         0.663100,0.008498,-0.748483,0.000000,-0.744329,0.113291,-0.658133,0.000000,0.079204,0.993526,0.081449,0.000000,39.388368,-0.000015,-0.000031,1.000000;;
        }

        Frame ValveBiped_Bip01_R_Forearm {
         

         FrameTransformMatrix {
          0.486676,0.000000,-0.873583,0.000000,0.000000,1.000000,-0.000000,0.000000,0.873583,-0.000000,0.486676,0.000000,83.440646,-0.000015,-0.000023,1.000000;;
         }

         Frame ValveBiped_Bip01_R_Hand {
          

          FrameTransformMatrix {
           0.847603,-0.462122,-0.260793,0.000000,0.117892,0.643193,-0.756574,0.000000,0.517370,0.610529,0.599653,0.000000,62.856928,0.000000,-0.000010,1.000000;;
          }

          Frame ValveBiped_Bip01_R_Finger0 {
           

           FrameTransformMatrix {
            0.999914,-0.000010,-0.013153,0.000000,-0.000000,1.000000,-0.000796,0.000000,0.013153,0.000796,0.999913,0.000000,40.627974,0.002014,2.510597,1.000000;;
           }

           Frame ValveBiped_Bip01_R_Finger1 {
            

            FrameTransformMatrix {
             1.000000,0.000000,-0.000000,0.000000,0.000000,1.000000,0.000000,0.000000,0.000000,0.000000,1.000000,0.000000,16.523072,0.000000,0.000000,1.000000;;
            }
           }
          }
         }
        }
       }
      }
     }
    }
   }
  }

  Frame ValveBiped_Bip01_tail_01 {
   

   FrameTransformMatrix {
    -0.334542,0.000000,-0.942381,0.000000,-0.000000,1.000000,0.000000,0.000000,0.942381,-0.000000,-0.334542,0.000000,2.986908,-0.007614,-31.312518,1.000000;;
   }

   Frame jiggle_linotoss_tail1 {
    

    FrameTransformMatrix {
     0.999376,0.000000,-0.035319,0.000000,0.000000,1.000000,0.000000,0.000000,0.035319,0.000000,0.999376,0.000000,48.828544,-0.000015,11.092964,1.000000;;
    }

    Frame jiggle_linotoss_tail2 {
     

     FrameTransformMatrix {
      0.999088,0.000000,0.042708,0.000000,0.000000,1.000000,0.000000,0.000000,-0.042708,0.000000,0.999088,0.000000,67.406419,0.000000,0.000046,1.000000;;
     }

     Frame jiggle_linotoss_tail3 {
      

      FrameTransformMatrix {
       0.999384,0.000000,0.035098,0.000000,0.000000,1.000000,0.000000,0.000000,-0.035098,0.000000,0.999384,0.000000,68.233971,-0.000000,-0.000008,1.000000;;
      }

      Frame jiggle_linotoss_tail4 {
       

       FrameTransformMatrix {
        0.999863,0.000000,0.016527,0.000000,-0.000000,1.000000,0.000000,0.000000,-0.016527,-0.000000,0.999863,0.000000,64.834886,-0.000000,-0.000023,1.000000;;
       }
      }
     }
    }
   }
  }
 }
}

Frame SMDImport {
 

 FrameTransformMatrix {
  1.000000,0.000000,0.000000,0.000000,0.000000,1.000000,0.000000,0.000000,0.000000,0.000000,1.000000,0.000000,0.000000,0.000000,0.000000,1.000000;;
 }

 Mesh SMDImport {
  6628;
  -33.438403;189.947866;-86.126867;,
  9.085081;186.055782;-176.956454;,
  23.511251;168.391437;-84.508390;,
  18.047184;258.125184;-128.464755;,
  22.621715;241.560781;-102.313990;,
  34.409875;230.708531;-114.463603;,
  31.053213;231.583642;-133.792038;,
  53.704000;213.305293;-112.944960;,
  50.173818;215.224730;-139.860582;,
  44.066234;216.951014;-151.725939;,
  9.051196;262.046566;-108.624179;,
  12.070599;245.580211;-93.136512;,
  5.862032;280.602061;-121.117005;,
  6.064474;282.328832;-131.554803;,
  34.641696;223.391565;-159.238950;,
  19.216875;240.701824;-149.856627;,
  37.843734;214.649203;-160.989107;,
  42.830214;211.063219;-153.998234;,
  48.722278;209.202854;-140.760870;,
  52.334253;206.599322;-112.599859;,
  51.321046;214.895821;-98.555885;,
  40.377610;221.912448;-84.207040;,
  17.036760;231.811866;-75.270163;,
  -1.828315;248.313933;-89.434291;,
  -6.802807;265.328845;-102.321485;,
  -2.695401;279.082547;-112.913126;,
  20.738938;228.875008;-71.608186;,
  15.760157;226.144154;-75.455162;,
  18.528589;219.690803;-73.415494;,
  36.490368;214.816819;-83.241178;,
  47.788826;207.739443;-95.882074;,
  1.782311;233.055770;-70.195520;,
  16.128904;229.924710;-70.068819;,
  1.289910;229.303373;-71.087725;,
  14.232898;224.858624;-71.475763;,
  15.760157;226.144154;-75.455162;,
  -5.900606;294.635981;-123.569498;,
  -8.077401;310.193920;-132.743014;,
  -6.868358;297.460992;-139.322906;,
  -10.954230;297.347814;-138.286950;,
  -13.699408;276.790349;-143.434048;,
  -15.753973;289.125786;-132.151373;,
  -26.041514;262.775475;-132.293018;,
  -15.586470;282.439117;-122.971712;,
  -22.709968;262.525082;-114.785190;,
  -2.695401;279.082547;-112.913126;,
  -6.802807;265.328845;-102.321485;,
  -22.925094;245.757747;-96.096819;,
  -1.828315;248.313933;-89.434291;,
  -5.900606;294.635981;-123.569498;,
  -15.721941;263.439718;-147.549440;,
  -29.573267;238.322918;-150.117645;,
  -38.015581;233.155021;-134.100774;,
  -39.171142;230.738048;-112.940480;,
  -49.617165;217.364352;-151.403776;,
  -43.715363;222.138470;-162.367552;,
  -57.114662;211.725466;-135.476032;,
  -55.623206;212.212198;-113.238912;,
  -47.692352;208.667942;-151.131750;,
  -40.913059;211.984563;-165.186739;,
  -36.564621;213.427802;-179.057523;,
  -32.471283;223.331891;-176.033574;,
  -15.597394;245.317325;-160.535706;,
  -4.256652;266.057446;-151.443226;,
  -2.926646;274.267392;-147.000550;,
  3.531288;277.692646;-140.241382;,
  9.976168;259.811072;-142.741926;,
  2.284420;257.786573;-152.946842;,
  23.068267;219.674829;-172.278989;,
  24.326195;225.930752;-169.551091;,
  4.487970;243.927936;-160.834624;,
  -6.379863;243.545370;-162.512512;,
  -20.089922;234.751974;-179.628954;,
  -19.044510;225.950720;-180.163174;,
  -7.442930;234.356224;-180.922688;,
  -6.430426;226.651699;-183.720730;,
  8.149892;230.026598;-177.542720;,
  4.981231;222.320000;-181.455475;,
  -16.170366;230.311885;-75.047667;,
  -12.711341;224.833536;-65.117357;,
  -8.131897;230.408474;-73.878918;,
  -29.147341;224.291558;-81.219309;,
  -23.026008;228.726374;-81.043168;,
  -23.859835;220.513741;-54.124582;,
  -6.349708;221.965158;-52.136406;,
  -5.705750;216.740045;-53.035920;,
  -26.517118;216.054835;-52.379322;,
  -39.619878;216.224998;-67.689229;,
  -36.669117;209.493619;-69.093824;,
  -8.535387;234.999680;-73.102010;,
  -17.599811;234.822195;-76.017210;,
  -28.180538;231.206067;-82.882925;,
  -41.162544;214.156506;-94.834221;,
  -51.191216;206.282918;-85.189728;,
  -47.704794;199.267917;-85.344096;,
  -34.471946;203.732723;-71.179251;,
  -24.453290;205.064358;-56.656160;,
  -8.365213;214.112819;-42.128739;,
  12.364099;214.584230;-50.921725;,
  10.521165;218.907546;-51.946934;,
  10.773030;223.115827;-52.084896;,
  -52.787914;195.643546;-100.027315;,
  -8.583649;204.821120;-46.461939;,
  10.111158;213.272589;-39.882797;,
  9.277238;203.875904;-40.514499;,
  -48.941142;203.541888;-113.262080;,
  -35.379539;206.985958;-123.932096;,
  -45.322586;199.239782;-113.395507;,
  -54.577216;203.340864;-100.044627;,
  -45.272138;218.904525;-98.796480;,
  8.043352;224.547405;-66.782912;,
  1.289910;229.303373;-71.087725;,
  1.782311;233.055770;-70.195520;,
  -50.763066;202.579686;-134.221171;,
  -29.997869;109.940083;-244.650906;,
  -24.869763;120.940531;-244.089498;,
  -23.005150;108.137920;-247.245363;,
  -36.586934;93.742438;-246.523981;,
  -21.527366;99.842982;-251.691494;,
  -21.006336;90.749946;-255.514266;,
  -17.828994;99.466995;-254.264858;,
  -16.200094;105.660474;-255.333504;,
  -19.375714;119.197056;-246.205363;,
  -25.627208;124.233472;-230.946765;,
  -29.853510;117.786432;-232.554752;,
  -38.634787;111.644109;-243.739162;,
  -33.315776;101.879936;-246.182349;,
  -21.060170;84.947885;-255.076326;,
  -38.965293;121.071680;-221.004595;,
  -38.857430;117.966733;-229.556941;,
  -38.025453;88.710490;-218.372326;,
  -32.810096;96.082477;-226.641229;,
  -31.416986;99.713018;-215.377818;,
  -36.520685;95.191398;-213.682573;,
  -32.312262;119.772288;-221.611699;,
  -33.778816;114.447437;-214.174362;,
  -29.570426;119.053325;-221.894246;,
  -38.965293;121.071680;-221.004595;,
  -38.965293;121.071680;-221.004595;,
  -29.853510;117.786432;-232.554752;,
  -39.920266;124.315942;-220.265011;,
  -39.920266;124.315942;-220.265011;,
  -37.804557;119.835136;-233.124966;,
  -39.336566;113.076198;-245.939354;,
  -45.127040;105.679405;-246.224179;,
  -51.108208;126.196467;-238.947635;,
  -51.327149;133.533018;-230.131584;,
  -52.896806;138.430720;-232.487014;,
  -49.436669;97.356378;-214.533939;,
  -42.532941;116.922035;-213.983885;,
  -44.351952;120.006579;-212.413606;,
  -55.772845;132.446349;-222.729830;,
  -58.192685;138.238042;-223.999846;,
  -67.070086;147.692045;-240.260890;,
  -83.172627;137.079411;-231.781939;,
  -85.364390;139.334413;-232.541235;,
  -67.353709;115.358848;-214.315802;,
  -64.228134;112.611507;-215.340109;,
  -52.745757;98.964499;-211.965184;,
  -67.972486;151.193242;-242.089293;,
  -61.753587;145.487219;-246.123392;,
  -52.933242;128.652838;-243.522637;,
  -54.378797;119.438362;-250.538624;,
  -55.284218;97.576762;-249.329050;,
  -52.563264;98.656883;-245.416627;,
  -37.247770;88.223565;-247.657139;,
  -37.774826;86.466330;-242.265395;,
  -22.834994;81.627206;-249.452518;,
  -25.575074;83.103226;-241.282048;,
  -38.092186;83.140986;-231.260595;,
  -23.142906;80.793971;-235.141811;,
  -57.701382;121.336269;-255.343693;,
  -62.430362;134.731379;-253.613363;,
  -70.067987;110.015770;-248.350822;,
  -74.388736;109.140006;-250.826086;,
  -68.067872;125.877504;-261.556224;,
  -62.466323;135.860685;-256.467277;,
  -62.031456;148.125158;-248.191590;,
  -69.527757;152.496858;-259.495962;,
  -74.420026;157.556211;-257.316506;,
  -77.340864;131.393101;-276.064486;,
  -69.199872;125.728794;-264.418278;,
  -70.363770;141.355405;-267.764301;,
  -74.964173;158.880064;-284.455194;,
  -79.573485;163.554624;-284.893542;,
  -80.630522;161.170534;-299.701606;,
  -85.493594;121.351398;-254.244122;,
  -89.314483;120.872755;-255.839667;,
  -71.618509;106.365306;-241.114573;,
  -59.336339;94.134470;-241.959373;,
  -56.187776;92.492134;-224.516890;,
  -54.397318;94.254157;-241.042406;,
  -52.088714;91.741094;-225.435827;,
  -52.961290;94.863942;-245.275904;,
  -56.875533;92.785472;-247.757824;,
  -70.266950;107.386330;-244.663373;,
  -75.993101;105.930246;-247.499776;,
  -69.319142;107.105037;-227.566387;,
  -27.538902;88.970682;-233.418906;,
  -32.810096;96.082477;-226.641229;,
  -38.025453;88.710490;-218.372326;,
  -49.436669;97.356378;-214.533939;,
  -52.745757;98.964499;-211.965184;,
  -64.228134;112.611507;-215.340109;,
  -73.790733;109.193779;-228.026086;,
  -77.631264;108.338906;-242.642125;,
  -89.528627;123.160704;-246.857907;,
  -91.365389;119.627315;-251.389568;,
  -98.025830;132.422451;-269.927373;,
  -100.429990;138.570317;-265.851187;,
  -101.465882;133.037504;-266.365568;,
  -93.158554;124.606144;-247.797018;,
  -83.172627;137.079411;-231.781939;,
  -67.353709;115.358848;-214.315802;,
  -85.364390;139.334413;-232.541235;,
  -94.789766;155.078886;-260.503475;,
  -97.715315;161.470976;-284.321971;,
  -104.689030;146.809933;-286.704717;,
  -84.970406;141.730291;-305.224986;,
  -78.381952;145.893184;-287.001062;,
  -82.597818;137.560307;-291.586304;,
  -103.126509;141.026061;-289.229107;,
  -94.826944;161.751590;-307.049318;,
  -101.755501;151.038912;-308.309760;,
  -95.131117;163.076390;-310.885427;,
  -103.326438;151.030426;-312.380442;,
  -95.142810;152.353818;-330.872397;,
  -102.462714;145.463194;-313.077760;,
  -94.347898;146.891840;-331.598592;,
  -79.725152;141.530829;-322.724710;,
  -84.461722;140.230464;-307.619891;,
  -72.992378;148.483123;-317.530982;,
  -77.288544;147.969882;-303.258035;,
  -100.907750;146.139622;-309.046374;,
  -73.267731;144.157926;-338.070323;,
  -88.480090;163.067776;-326.024781;,
  -85.180531;153.644262;-343.443482;,
  -78.793062;162.065882;-339.382349;,
  -56.085402;148.207552;-353.464678;,
  -71.134573;142.388941;-341.358925;,
  -60.102048;143.594458;-358.716672;,
  -72.044282;151.198490;-362.772608;,
  -84.744339;148.606451;-348.393242;,
  -85.101958;153.815066;-347.409587;,
  -84.817549;149.243405;-344.230400;,
  -68.134048;148.501069;-335.393869;,
  -65.265120;155.874790;-331.968486;,
  -72.481478;157.478208;-313.790797;,
  -76.337210;157.751706;-300.349773;,
  -81.943571;147.611789;-301.993216;,
  -71.815046;155.785894;-361.430170;,
  -79.095866;162.188352;-301.492992;,
  -75.655840;161.480960;-315.358054;,
  -68.703315;159.755072;-331.995878;,
  -67.099776;160.126131;-333.217587;,
  -54.605453;158.557683;-350.990874;,
  -52.200362;154.082189;-350.752282;,
  -54.664992;164.899418;-370.113408;,
  -43.228227;159.796301;-371.681818;,
  -65.396173;163.260800;-356.646400;,
  -77.277786;163.727629;-342.562714;,
  -78.793062;162.065882;-339.382349;,
  -88.480090;163.067776;-326.024781;,
  -95.131117;163.076390;-310.885427;,
  -94.826944;161.751590;-307.049318;,
  -97.715315;161.470976;-284.321971;,
  -94.789766;155.078886;-260.503475;,
  -61.576486;158.994419;-374.785920;,
  -65.396173;163.260800;-356.646400;,
  -54.664992;164.899418;-370.113408;,
  -55.042106;163.366912;-393.093632;,
  -61.998477;155.286835;-376.417075;,
  -47.181213;154.087347;-393.688934;,
  -49.597702;148.113344;-378.068378;,
  -39.198691;160.060941;-390.974157;,
  -41.395677;155.008883;-373.401702;,
  -40.280829;165.188352;-390.065178;,
  -47.300934;170.200986;-388.655770;,
  -41.269325;172.660186;-405.609370;,
  -46.686973;177.435302;-405.733914;,
  -47.240282;183.851251;-421.514522;,
  -49.562554;185.153626;-418.991949;,
  -60.328934;205.061069;-443.46150;,
  -47.314096;180.350554;-424.653286;,
  -52.069642;177.022272;-424.970854;,
  -47.600531;163.084621;-408.537139;,
  -40.491667;167.639398;-406.382694;,
  -53.711789;171.908352;-408.050074;,
  -47.300934;170.200986;-388.655770;,
  -46.686973;177.435302;-405.733914;,
  -49.562554;185.153626;-418.991949;,
  -54.922010;180.812288;-419.902131;,
  -16.547206;107.557491;-257.197696;,
  -16.200094;105.660474;-255.333504;,
  -12.467722;107.434970;-257.036339;,
  -15.266403;109.586061;-257.333325;,
  -14.652021;107.402560;-263.450573;,
  -19.841878;100.703667;-254.113869;,
  -17.828994;99.466995;-254.264858;,
  -22.701952;104.457261;-252.773837;,
  -20.335450;103.905741;-260.941773;,
  -17.719638;102.564198;-267.404186;,
  -12.369291;106.380122;-270.127565;,
  -18.982461;102.784781;-268.090266;,
  -13.843106;100.194957;-273.726490;,
  -14.897866;98.552576;-271.370906;,
  -15.657462;99.272102;-269.644493;,
  -18.396530;100.423955;-263.094963;,
  -9.263474;103.053702;-278.298035;,
  -8.249092;91.356909;-282.130944;,
  -9.517479;91.178899;-286.277811;,
  -6.624582;88.439795;-288.855373;,
  -10.632702;92.326182;-282.220954;,
  -10.145302;93.517126;-285.655091;,
  -12.541258;95.397574;-281.858637;,
  -6.801986;99.891520;-284.826931;,
  -11.348797;95.669638;-280.499328;,
  -13.840741;99.624749;-275.169382;,
  -11.385598;95.619635;-275.351194;,
  -11.731493;96.924429;-271.705933;,
  -15.354931;99.243078;-266.512179;,
  -17.743754;99.480390;-254.522342;,
  -7.627712;93.453760;-276.266778;,
  -10.270832;92.836538;-280.985318;,
  -5.894980;81.507040;-310.174643;,
  -6.978722;83.978554;-311.816986;,
  -6.467266;82.051917;-311.895757;,
  -5.450882;82.435386;-312.769459;,
  -6.132830;84.583917;-312.498253;,
  -3.730394;84.839379;-311.054950;,
  -6.287518;85.790656;-310.134682;,
  -3.159922;90.964685;-304.740019;,
  -6.134748;87.536826;-305.317325;,
  -7.407438;90.093344;-298.120576;,
  -6.379660;86.088602;-297.193011;,
  -5.907719;90.395654;-296.865997;,
  -6.581572;86.928397;-290.831181;,
  -9.526302;91.221715;-290.955930;,
  -8.337055;91.528525;-289.792461;,
  -11.467198;93.296211;-286.933837;,
  -5.325243;96.949056;-289.795021;,
  -4.009422;95.179770;-295.613901;,
  -2.264771;81.599219;-312.022502;,
  -4.406548;98.923590;-290.519885;,
  -1.192284;97.882502;-296.431027;,
  1.899253;96.412499;-301.322778;,
  1.826267;89.551840;-308.649830;,
  1.854297;84.410253;-311.923917;,
  1.974419;79.003718;-312.937318;,
  -1.443405;76.728922;-313.760205;,
  2.064301;76.142432;-312.768512;,
  -2.544353;74.925971;-311.866675;,
  2.266391;72.179219;-310.457984;,
  6.792062;75.198720;-312.215168;,
  5.448460;76.930246;-314.017357;,
  6.944753;77.020410;-314.501760;,
  8.278974;79.855155;-309.800013;,
  9.043934;81.193690;-313.125376;,
  9.868731;81.967539;-310.762880;,
  10.681365;84.494451;-312.475827;,
  10.116402;83.813606;-309.486848;,
  9.179001;82.862752;-313.315379;,
  10.278339;82.541082;-312.520602;,
  9.753042;85.047981;-313.090995;,
  10.467358;85.226694;-310.997478;,
  10.567310;84.434272;-308.166477;,
  6.375358;77.889856;-314.799232;,
  7.631691;81.229741;-313.552128;,
  6.111429;81.843898;-312.335053;,
  7.454053;85.166099;-311.472282;,
  10.013690;86.266854;-310.742861;,
  11.300715;85.401024;-307.949312;,
  10.128153;82.839194;-304.955136;,
  8.084146;84.105171;-305.104640;,
  10.675405;85.628518;-301.732019;,
  10.120044;88.007482;-305.923482;,
  11.055956;86.493158;-297.834906;,
  14.287426;91.296275;-287.430144;,
  16.205690;93.363443;-283.182106;,
  13.679541;92.010381;-282.921805;,
  15.227533;94.309107;-286.604646;,
  16.461555;94.153523;-287.975808;,
  9.920422;97.410669;-290.365261;,
  13.238521;92.075398;-290.579840;,
  8.281988;95.492269;-296.068659;,
  14.352547;91.893056;-291.844762;,
  10.360190;90.785222;-297.465882;,
  11.682521;87.344461;-291.502899;,
  11.777109;90.576986;-298.829978;,
  7.000342;91.250112;-305.118182;,
  11.975440;88.940454;-290.363648;,
  5.257324;98.038502;-296.669005;,
  8.836222;99.331187;-291.015782;,
  11.587342;100.516442;-285.520384;,
  17.740005;96.395910;-282.989466;,
  15.350229;93.585363;-281.827891;,
  13.066654;94.133158;-276.838374;,
  16.581099;96.596883;-281.520333;,
  16.780909;96.194266;-276.746214;,
  19.173126;100.676749;-276.423373;,
  14.289125;103.849037;-279.151027;,
  16.551355;96.472467;-276.209024;,
  19.283816;101.233882;-274.990080;,
  17.848776;107.263373;-271.249843;,
  24.823464;104.052346;-269.868749;,
  23.662744;103.757914;-269.136589;,
  19.783930;100.171962;-271.089843;,
  24.655899;101.586509;-265.217229;,
  21.652626;100.314490;-268.010829;,
  24.839659;100.952403;-255.439974;,
  26.493954;102.267942;-255.462912;,
  22.740475;107.090118;-256.275174;,
  29.463283;106.388704;-254.007910;,
  22.899030;108.927168;-258.289126;,
  26.660725;105.272653;-262.766566;,
  20.610394;108.430758;-264.789478;,
  21.500774;110.785997;-258.488192;,
  18.837891;108.588557;-257.785523;,
  17.559984;97.847194;-272.753050;,
  20.196493;99.553229;-272.762778;,
  -7.824036;111.899149;-257.415373;,
  -13.193486;113.133235;-257.362458;,
  -12.467722;107.434970;-257.036339;,
  -9.804943;117.707558;-258.067456;,
  -17.218389;122.040678;-252.865331;,
  -15.137608;116.354022;-258.887910;,
  -15.703117;115.481357;-258.908826;,
  -13.986066;110.268211;-268.289894;,
  -13.553819;111.059981;-268.738995;,
  -9.943030;105.060723;-279.916698;,
  -9.949997;106.251597;-279.455514;,
  -7.133297;102.097344;-284.155494;,
  -5.488966;102.226323;-285.034138;,
  -8.739458;108.647770;-277.977114;,
  -11.074917;113.258534;-267.269248;,
  -13.624493;118.298765;-257.468109;,
  -1.192284;97.882502;-296.431027;,
  -4.406548;98.923590;-290.519885;,
  -4.035797;100.201011;-291.198541;,
  -3.185268;100.480019;-290.868045;,
  -7.450394;102.829779;-284.959590;,
  -6.801986;99.891520;-284.826931;,
  -9.263474;103.053702;-278.298035;,
  -12.369291;106.380122;-270.127565;,
  -14.652021;107.402560;-263.450573;,
  -15.266403;109.586061;-257.333325;,
  -16.270426;114.269658;-255.457997;,
  -12.467722;107.434970;-257.036339;,
  -13.193486;113.133235;-257.362458;,
  24.468339;85.612768;-265.427814;,
  24.905282;87.020442;-265.633741;,
  24.059416;85.714515;-266.337331;,
  25.142379;87.243693;-267.199411;,
  25.205002;87.621011;-266.371379;,
  24.800925;86.279744;-267.261056;,
  -17.263718;84.393728;-263.867674;,
  -16.926682;84.517722;-264.799411;,
  -17.787555;85.774374;-264.025139;,
  -18.151146;85.981101;-265.555789;,
  -17.765034;85.037440;-265.656576;,
  -18.170754;86.355981;-264.725350;,
  25.048685;83.728448;-268.054144;,
  25.084259;85.391104;-268.251366;,
  24.485763;83.791770;-269.064115;,
  25.159210;85.831686;-270.018867;,
  25.173208;86.178048;-269.082880;,
  25.081699;84.668435;-270.106573;,
  -17.929474;82.472768;-266.450509;,
  -17.447845;82.569101;-267.499520;,
  -18.074478;84.131738;-266.633856;,
  -18.308414;84.567866;-268.384435;,
  -18.169845;83.410240;-268.490803;,
  -18.270210;84.913107;-267.444582;,
  23.234877;83.353459;-269.922022;,
  23.926274;84.822029;-270.046182;,
  23.226226;82.962413;-271.004723;,
  23.964218;85.484109;-272.103450;,
  23.990789;85.843942;-271.013069;,
  23.891197;84.066003;-272.219341;,
  -16.205440;82.203942;-268.477286;,
  -16.254723;81.813869;-269.558784;,
  -16.988350;83.632013;-268.540646;,
  -17.221341;84.292902;-270.586342;,
  -17.071350;82.879584;-270.718310;,
  -17.186829;84.650170;-269.488973;,
  -12.018469;73.614598;-293.385062;,
  -11.906563;73.047002;-294.632166;,
  -13.053520;75.133504;-293.612339;,
  -13.337135;75.717370;-296.050176;,
  -12.916767;74.092230;-296.206464;,
  -13.375915;76.178554;-294.694630;,
  -14.610187;81.737126;-273.662413;,
  -14.668477;81.150822;-274.889395;,
  -15.370667;83.431635;-273.723571;,
  -15.485573;83.799738;-276.031974;,
  -15.454894;82.171987;-276.205082;,
  -15.166848;84.481363;-274.785587;,
  21.251283;82.771770;-274.999450;,
  21.905270;84.509088;-275.113523;,
  21.252363;82.183008;-276.228326;,
  21.826846;84.874349;-277.422976;,
  21.551750;85.543770;-276.155341;,
  21.878166;83.242227;-277.596365;,
  18.965483;79.181158;-286.021504;,
  19.471195;80.752282;-286.104960;,
  18.943899;78.640160;-287.254221;,
  19.308877;81.039693;-288.360013;,
  19.328453;81.634560;-287.093222;,
  19.443470;79.627187;-288.600806;,
  -12.947822;78.311546;-284.835942;,
  -12.986679;77.769811;-286.067968;,
  -13.548883;79.853907;-284.878362;,
  -13.572168;80.154963;-287.139405;,
  -13.641909;78.729101;-287.371955;,
  -13.531720;80.747610;-285.873178;,
  -13.341015;81.754752;-276.601267;,
  -13.387316;81.221184;-277.884211;,
  -14.088856;83.467123;-276.578074;,
  -14.207794;83.847219;-278.896614;,
  -14.177534;82.395930;-279.178906;,
  -14.171314;84.412192;-277.575936;,
  19.768717;82.694342;-277.834419;,
  20.415203;84.453926;-277.863808;,
  19.750251;82.165766;-279.118746;,
  20.339112;84.841651;-280.184448;,
  20.368030;85.402214;-278.863130;,
  20.372355;83.381478;-280.466099;,
  -10.622074;72.411597;-297.151283;,
  -10.058298;71.666438;-298.559872;,
  -12.091663;73.953267;-298.118733;,
  -12.022869;73.779046;-300.784768;,
  -10.968078;72.375238;-301.089357;,
  -12.210731;74.047187;-300.281062;,
  25.586184;81.441350;-264.044262;,
  26.254710;84.819667;-265.220582;,
  25.085797;80.833229;-263.576576;,
  25.042654;83.153280;-265.019930;,
  24.905282;87.020442;-265.633741;,
  26.254710;84.819667;-265.220582;,
  25.205002;87.621011;-266.371379;,
  25.614459;83.417306;-264.323174;,
  25.085797;80.833229;-263.576576;,
  24.468339;85.612768;-265.427814;,
  24.059416;85.714515;-266.337331;,
  24.800925;86.279744;-267.261056;,
  26.232763;84.540979;-265.836416;,
  25.205002;87.621011;-266.371379;,
  25.142379;87.243693;-267.199411;,
  9.487638;121.174272;-258.252186;,
  2.926160;117.383296;-257.180237;,
  8.363358;115.802483;-257.350349;,
  4.578892;116.880550;-280.208102;,
  8.254938;113.517875;-278.136653;,
  5.963025;107.092429;-286.213402;,
  9.063097;118.745280;-268.700928;,
  4.956444;123.128397;-268.753357;,
  4.798932;127.826701;-256.909030;,
  2.639408;125.244211;-258.718234;,
  0.488468;127.700787;-256.748160;,
  2.457457;136.529843;-255.293850;,
  1.843000;126.495782;-266.333184;,
  2.323650;126.886157;-266.091648;,
  1.752716;126.354586;-267.508429;,
  2.278971;126.773990;-267.376896;,
  1.597737;120.881818;-277.727872;,
  2.063428;121.274714;-277.456000;,
  1.496427;120.601651;-278.856678;,
  2.024856;121.030451;-278.680960;,
  1.317483;107.341914;-289.759181;,
  2.529592;120.909030;-277.762637;,
  2.817621;126.385702;-267.548160;,
  2.807017;126.523930;-266.369152;,
  1.993909;107.411366;-290.180582;,
  1.678707;100.083795;-296.028442;,
  1.982202;99.837184;-296.423987;,
  2.702609;107.392230;-289.811712;,
  2.300040;100.082419;-296.050022;,
  2.562729;120.632794;-278.896486;,
  -1.641449;106.833382;-285.926605;,
  1.678707;100.083795;-296.028442;,
  -0.389528;116.735296;-280.022682;,
  -0.276484;122.975526;-268.558106;,
  -3.891548;120.783450;-257.752986;,
  -2.404908;115.455386;-257.005517;,
  -3.698668;113.169267;-277.690778;,
  -4.105524;118.360589;-268.209536;,
  -17.664314;81.905600;-263.426381;,
  -17.765034;85.037440;-265.656576;,
  -16.926682;84.517722;-264.799411;,
  -17.263718;84.393728;-263.867674;,
  -18.170754;86.355981;-264.725350;,
  -18.990578;83.219718;-264.148966;,
  -18.982918;83.498086;-263.532595;,
  -18.151146;85.981101;-265.555789;,
  -18.032963;80.167059;-262.416614;,
  -17.464546;79.590144;-261.988838;,
  -18.197059;82.137274;-262.688384;,
  -17.787555;85.774374;-264.025139;,
  -18.982918;83.498086;-263.532595;,
  -18.170754;86.355981;-264.725350;,
  -17.464546;79.590144;-261.988838;,
  17.711701;77.150720;-290.116454;,
  18.656800;78.686944;-290.203238;,
  17.623966;76.676320;-291.537843;,
  18.714470;79.255238;-292.814080;,
  18.794376;79.710272;-291.346586;,
  18.501830;77.746163;-293.086003;,
  -11.886433;76.340326;-289.016576;,
  -11.877049;75.858694;-290.440704;,
  -12.923431;77.831718;-289.030477;,
  -13.208424;78.388435;-291.628390;,
  -12.928757;76.876365;-291.917261;,
  -13.205387;78.849101;-290.158694;,
  19.279258;80.492960;-281.358387;,
  20.166920;82.405402;-281.388774;,
  19.270074;79.940333;-282.834074;,
  20.290424;83.061715;-284.071219;,
  20.288792;83.658515;-282.553062;,
  20.160694;81.252614;-284.376422;,
  -12.988510;79.590035;-280.157696;,
  -13.057373;79.043341;-281.631770;,
  -13.985336;81.441325;-280.117222;,
  -14.346395;82.096166;-282.782643;,
  -14.135096;80.302726;-283.101082;,
  -14.266056;82.684198;-281.266637;,
  27.632858;79.451149;-266.265574;,
  27.056893;81.520346;-266.851507;,
  27.345283;78.570368;-265.977165;,
  27.315725;83.247930;-267.872384;,
  27.315725;83.247930;-267.872384;,
  27.632858;79.451149;-266.265574;,
  27.331002;82.947898;-268.580531;,
  25.173208;86.178048;-269.082880;,
  25.159210;85.831686;-270.018867;,
  25.081699;84.668435;-270.106573;,
  27.339277;79.389594;-266.755072;,
  24.485763;83.791770;-269.064115;,
  25.048685;83.728448;-268.054144;,
  27.345283;78.570368;-265.977165;,
  25.084259;85.391104;-268.251366;,
  25.173208;86.178048;-269.082880;,
  20.795090;117.538496;-260.033894;,
  16.366280;114.060262;-268.293325;,
  15.530222;118.447654;-259.012813;,
  19.334450;119.382234;-258.486477;,
  22.923219;123.292518;-254.131635;,
  19.224728;114.190694;-258.378573;,
  13.949456;112.596698;-258.120064;,
  18.837891;108.588557;-257.785523;,
  21.491013;116.591590;-260.101222;,
  18.808427;111.980288;-269.950899;,
  13.513736;109.339123;-278.810906;,
  14.703195;107.138848;-280.326118;,
  10.128460;102.761389;-285.623475;,
  11.837869;102.748845;-284.871501;,
  14.731027;105.804250;-280.847770;,
  19.328104;111.203891;-269.531366;,
  5.257324;98.038502;-296.669005;,
  8.341877;100.585318;-291.662285;,
  8.836222;99.331187;-291.015782;,
  7.503414;100.811501;-291.268454;,
  12.050975;103.496877;-285.695334;,
  11.587342;100.516442;-285.520384;,
  14.289125;103.849037;-279.151027;,
  17.848776;107.263373;-271.249843;,
  20.610394;108.430758;-264.789478;,
  21.500774;110.785997;-258.488192;,
  22.322750;115.569997;-256.595430;,
  18.837891;108.588557;-257.785523;,
  19.224728;114.190694;-258.378573;,
  17.504230;73.906150;-295.729587;,
  18.667779;76.651194;-297.244262;,
  18.332661;75.005088;-297.372467;,
  17.674808;74.482016;-294.493005;,
  18.600194;76.047725;-294.792602;,
  18.780202;77.099251;-295.892941;,
  16.076862;73.191520;-298.147482;,
  17.378864;74.814157;-299.218355;,
  15.454970;72.411738;-299.511834;,
  17.604744;74.312947;-301.635610;,
  16.133106;73.166906;-302.100608;,
  -19.710618;80.154074;-265.106458;,
  -20.120048;78.056192;-264.483738;,
  -19.761142;77.194176;-264.219418;,
  -20.144806;81.861293;-266.101453;,
  -20.120048;78.056192;-264.483738;,
  -20.144806;81.861293;-266.101453;,
  -20.195358;81.559443;-266.807117;,
  -18.270210;84.913107;-267.444582;,
  -18.308414;84.567866;-268.384435;,
  -18.169845;83.410240;-268.490803;,
  -19.860744;78.010675;-264.993843;,
  -17.447845;82.569101;-267.499520;,
  -17.929474;82.472768;-266.450509;,
  -19.761142;77.194176;-264.219418;,
  -18.074478;84.131738;-266.633856;,
  -18.270210;84.913107;-267.444582;,
  23.926274;84.822029;-270.046182;,
  26.558262;82.178733;-269.600589;,
  23.990789;85.843942;-271.013069;,
  23.891197;84.066003;-272.219341;,
  23.964218;85.484109;-272.103450;,
  26.557946;81.831654;-270.428109;,
  23.990789;85.843942;-271.013069;,
  26.558262;82.178733;-269.600589;,
  27.070883;77.848704;-267.770726;,
  26.705507;77.768333;-268.339866;,
  26.761331;76.871757;-267.518822;,
  25.559450;79.697926;-269.329050;,
  23.905402;82.783238;-269.816474;,
  23.226226;82.962413;-271.004723;,
  23.234877;83.353459;-269.922022;,
  26.291786;80.167334;-268.405811;,
  27.070883;77.848704;-267.770726;,
  26.761331;76.871757;-267.518822;,
  -19.421253;80.829901;-267.911322;,
  -16.988350;83.632013;-268.540646;,
  -17.186829;84.650170;-269.488973;,
  -19.462326;80.481741;-268.737280;,
  -17.186829;84.650170;-269.488973;,
  -17.221341;84.292902;-270.586342;,
  -19.421253;80.829901;-267.911322;,
  -19.545056;76.482170;-266.058010;,
  -19.218808;76.421901;-266.652954;,
  -17.071350;82.879584;-270.718310;,
  -18.262894;78.412314;-267.720243;,
  -16.254723;81.813869;-269.558784;,
  -16.831883;81.593331;-268.323251;,
  -16.205440;82.203942;-268.477286;,
  -18.950664;78.840326;-266.744038;,
  -19.545056;76.482170;-266.058010;,
  -19.161198;75.525747;-265.832141;,
  -19.161198;75.525747;-265.832141;,
  12.657266;72.358771;-301.827584;,
  14.777045;74.463174;-303.485517;,
  11.643752;71.414726;-303.650074;,
  13.621598;74.565562;-306.642432;,
  12.734834;72.369651;-307.064858;,
  -7.441681;71.771629;-301.077734;,
  -6.513571;70.884301;-302.972570;,
  -9.795978;73.745338;-302.568602;,
  -8.887341;73.908026;-305.802522;,
  -7.907502;71.766656;-306.294605;,
  20.529867;72.186989;-295.834726;,
  20.611264;67.294899;-293.061658;,
  20.007298;69.675302;-294.849357;,
  18.332661;75.005088;-297.372467;,
  18.667779;76.651194;-297.244262;,
  18.780202;77.099251;-295.892941;,
  20.704541;72.650413;-294.868838;,
  20.200720;66.292832;-292.233165;,
  19.343664;69.872294;-294.300442;,
  17.504230;73.906150;-295.729587;,
  18.234838;73.754477;-294.528589;,
  17.674808;74.482016;-294.493005;,
  18.600194;76.047725;-294.792602;,
  20.306936;70.370720;-293.384576;,
  20.704541;72.650413;-294.868838;,
  20.200720;66.292832;-292.233165;,
  19.494026;70.226022;-293.559578;,
  18.780202;77.099251;-295.892941;,
