xof 0303txt 0032
template ColorRGBA {
 <35ff44e0-6c7c-11cf-8f52-0040333594a3>
 FLOAT red;
 FLOAT green;
 FLOAT blue;
 FLOAT alpha;
}

template ColorRGB {
 <d3e16e81-7835-11cf-8f52-0040333594a3>
 FLOAT red;
 FLOAT green;
 FLOAT blue;
}

template Material {
 <3d82ab4d-62da-11cf-ab39-0020af71e433>
 ColorRGBA faceColor;
 FLOAT power;
 ColorRGB specularColor;
 ColorRGB emissiveColor;
 [...]
}

template TextureFilename {
 <a42790e1-7810-11cf-8f52-0040333594a3>
 STRING filename;
}

template Frame {
 <3d82ab46-62da-11cf-ab39-0020af71e433>
 [...]
}

template Matrix4x4 {
 <f6f23f45-7686-11cf-8f52-0040333594a3>
 array FLOAT matrix[16];
}

template FrameTransformMatrix {
 <f6f23f41-7686-11cf-8f52-0040333594a3>
 Matrix4x4 frameMatrix;
}

template Vector {
 <3d82ab5e-62da-11cf-ab39-0020af71e433>
 FLOAT x;
 FLOAT y;
 FLOAT z;
}

template MeshFace {
 <3d82ab5f-62da-11cf-ab39-0020af71e433>
 DWORD nFaceVertexIndices;
 array DWORD faceVertexIndices[nFaceVertexIndices];
}

template Mesh {
 <3d82ab44-62da-11cf-ab39-0020af71e433>
 DWORD nVertices;
 array Vector vertices[nVertices];
 DWORD nFaces;
 array MeshFace faces[nFaces];
 [...]
}

template MeshMaterialList {
 <f6f23f42-7686-11cf-8f52-0040333594a3>
 DWORD nMaterials;
 DWORD nFaceIndexes;
 array DWORD faceIndexes[nFaceIndexes];
 [Material <3d82ab4d-62da-11cf-ab39-0020af71e433>]
}

template VertexElement {
 <f752461c-1e23-48f6-b9f8-8350850f336f>
 DWORD Type;
 DWORD Method;
 DWORD Usage;
 DWORD UsageIndex;
}

template DeclData {
 <bf22e553-292c-4781-9fea-62bd554bdd93>
 DWORD nElements;
 array VertexElement Elements[nElements];
 DWORD nDWords;
 array DWORD data[nDWords];
}

template XSkinMeshHeader {
 <3cf169ce-ff7c-44ab-93c0-f78f62d172e2>
 WORD nMaxSkinWeightsPerVertex;
 WORD nMaxSkinWeightsPerFace;
 WORD nBones;
}

template SkinWeights {
 <6f0d123b-bad2-4167-a0d0-80224f25fabb>
 STRING transformNodeName;
 DWORD nWeights;
 array DWORD vertexIndices[nWeights];
 array FLOAT weights[nWeights];
 Matrix4x4 matrixOffset;
}

template AnimTicksPerSecond {
 <9e415a43-7ba6-4a73-8743-b73d47e88476>
 DWORD AnimTicksPerSecond;
}

template Animation {
 <3d82ab4f-62da-11cf-ab39-0020af71e433>
 [...]
}

template AnimationSet {
 <3d82ab50-62da-11cf-ab39-0020af71e433>
 [Animation <3d82ab4f-62da-11cf-ab39-0020af71e433>]
}

template FloatKeys {
 <10dd46a9-775b-11cf-8f52-0040333594a3>
 DWORD nValues;
 array FLOAT values[nValues];
}

template TimedFloatKeys {
 <f406b180-7b3b-11cf-8f52-0040333594a3>
 DWORD time;
 FloatKeys tfkeys;
}

template AnimationKey {
 <10dd46a8-775b-11cf-8f52-0040333594a3>
 DWORD keyType;
 DWORD nKeys;
 array TimedFloatKeys keys[nKeys];
}


Material Material__82 {
 1.000000;1.000000;1.000000;1.000000;;
 10.000000;
 0.000000;0.000000;0.000000;;
 0.000000;0.000000;0.000000;;

 TextureFilename {
  "pc_fiona_inner_fancyfantasy_metal.bmp";
 }
}

Material Material__83 {
 1.000000;1.000000;1.000000;1.000000;;
 10.000000;
 0.000000;0.000000;0.000000;;
 0.000000;0.000000;0.000000;;

 TextureFilename {
  "pc_fiona_inner_fancyfantasy.bmp";
 }
}

Material Material__84 {
 1.000000;1.000000;1.000000;1.000000;;
 10.000000;
 0.000000;0.000000;0.000000;;
 0.000000;0.000000;0.000000;;

 TextureFilename {
  "fiona_skin_body01.bmp";
 }
}

Material Material__95 {
 1.000000;1.000000;1.000000;1.000000;;
 10.000000;
 0.000000;0.000000;0.000000;;
 0.000000;0.000000;0.000000;;

 TextureFilename {
  "fiona_skin_face01.bmp";
 }
}

Material Material__96 {
 1.000000;1.000000;1.000000;1.000000;;
 10.000000;
 0.000000;0.000000;0.000000;;
 0.000000;0.000000;0.000000;;

 TextureFilename {
  "fiona_eyeball_l01.bmp";
 }
}

Material Material__97 {
 1.000000;1.000000;1.000000;1.000000;;
 10.000000;
 0.000000;0.000000;0.000000;;
 0.000000;0.000000;0.000000;;

 TextureFilename {
  "fiona_eyeball_r01.bmp";
 }
}

Material Material__98 {
 1.000000;1.000000;1.000000;1.000000;;
 10.000000;
 0.000000;0.000000;0.000000;;
 0.000000;0.000000;0.000000;;

 TextureFilename {
  "fiona_teeth.bmp";
 }
}

Material Material__99 {
 1.000000;1.000000;1.000000;1.000000;;
 10.000000;
 0.000000;0.000000;0.000000;;
 0.000000;0.000000;0.000000;;

 TextureFilename {
  "fiona_eyelash01.bmp";
 }
}

Material Material__110 {
 1.000000;1.000000;1.000000;1.000000;;
 10.000000;
 0.000000;0.000000;0.000000;;
 0.000000;0.000000;0.000000;;

 TextureFilename {
  "pc_fiona_hair_shaggy_short.bmp";
 }
}

Frame ValveBiped_Bip01 {
 

 FrameTransformMatrix {
  0.000001,0.000000,-1.000000,0.000000,0.000000,1.000000,0.000000,0.000000,1.000000,0.000000,0.000001,0.000000,0.000000,42.566672,0.000000,1.000000;;
 }

 Frame ValveBiped_Bip01_Pelvis {
  

  FrameTransformMatrix {
   -0.056674,0.998393,-0.000003,0.000000,0.000001,0.000003,1.000000,0.000000,0.998393,0.056674,-0.000001,0.000000,0.000000,0.000000,0.000000,1.000000;;
  }

  Frame ValveBiped_Bip01_Spine {
   

   FrameTransformMatrix {
    0.984446,-0.023668,0.174086,0.000000,0.039127,0.995534,-0.085911,0.000000,-0.171275,0.091387,0.980976,0.000000,3.501259,0.000005,0.192658,1.000000;;
   }

   Frame ValveBiped_Bip01_Spine1 {
    

    FrameTransformMatrix {
     0.999487,0.031760,-0.004121,0.000000,-0.031760,0.999496,0.000033,0.000000,0.004120,0.000098,0.999991,0.000000,3.358914,0.000000,-0.003517,1.000000;;
    }

    Frame ValveBiped_Bip01_Spine2 {
     

     FrameTransformMatrix {
      0.999154,0.031739,0.026168,0.000000,-0.031750,0.999496,0.000017,0.000000,-0.026154,-0.000848,0.999658,0.000000,4.426906,0.000000,-0.004426,1.000000;;
     }

     Frame ValveBiped_Bip01_Spine4 {
      

      FrameTransformMatrix {
       0.999226,0.000000,0.039342,0.000000,-0.000000,1.000000,0.000000,0.000000,-0.039342,-0.000000,0.999226,0.000000,5.584923,0.000000,-0.002043,1.000000;;
      }

      Frame ValveBiped_Bip01_Neck1 {
       

       FrameTransformMatrix {
        0.984868,-0.010436,0.172993,0.000000,0.046511,0.977482,-0.205828,0.000000,-0.166949,0.210760,0.963176,0.000000,2.712337,0.000000,-1.511100,1.000000;;
       }

       Frame ValveBiped_Bip01_Head1 {
        

        FrameTransformMatrix {
         0.986093,0.084758,-0.142955,0.000000,-0.105687,0.983650,-0.145817,0.000000,0.128258,0.158897,0.978929,0.000000,2.667374,0.000000,-0.000002,1.000000;;
        }

        Frame ValveBiped_Bip01_Jiggle_bang1 {
         

         FrameTransformMatrix {
          -0.753965,-0.449482,0.479064,0.000000,-0.089319,0.792636,0.603118,0.000000,-0.650814,0.411941,-0.637767,0.000000,8.576733,0.182701,1.830204,1.000000;;
         }
        }

        Frame ValveBiped_Bip01_Jiggle_back {
         

         FrameTransformMatrix {
          -0.996221,-0.000000,-0.086856,0.000000,0.000000,1.000000,-0.000001,0.000000,0.086856,-0.000001,-0.996221,0.000000,6.980381,-0.000008,-3.946235,1.000000;;
         }
        }

        Frame ValveBiped_Bip01_Jiggle_left {
         

         FrameTransformMatrix {
          -0.996132,0.086825,0.013506,0.000000,-0.029060,-0.180470,-0.983152,0.000000,-0.082924,-0.979741,0.182295,0.000000,7.165066,2.759979,-1.620259,1.000000;;
         }
        }

        Frame ValveBiped_Bip01_Jiggle_right {
         

         FrameTransformMatrix {
          -0.996132,-0.086824,0.013506,0.000000,-0.029060,0.180466,-0.983152,0.000000,0.082923,-0.979742,-0.182291,0.000000,7.165074,-2.760010,-1.620252,1.000000;;
         }
        }

        Frame ValveBiped_Bip01_Jiggle_bang2 {
         

         FrameTransformMatrix {
          -0.938710,0.306908,0.156943,0.000000,0.042646,0.555194,-0.830627,0.000000,-0.342059,-0.773024,-0.534255,0.000000,7.139270,2.098541,1.896782,1.000000;;
         }
        }
       }

       Frame ValveBiped_Bip01_L_Clavicle {
        

        FrameTransformMatrix {
         -0.276501,0.956290,0.095166,0.000000,0.945858,0.288320,-0.149075,0.000000,-0.169997,0.048794,-0.984236,0.000000,-0.343384,1.212729,0.928541,1.000000;;
        }

        Frame ValveBiped_Bip01_L_UpperArm {
         

         FrameTransformMatrix {
          0.489531,-0.870998,-0.041498,0.000000,0.868195,0.482417,0.116237,0.000000,-0.081223,-0.092930,0.992354,0.000000,4.107860,0.000000,-0.000002,1.000000;;
         }

         Frame ValveBiped_Bip01_L_Forearm {
          

          FrameTransformMatrix {
           0.949259,0.000000,-0.314494,0.000000,0.000000,1.000000,-0.000000,0.000000,0.314494,0.000000,0.949259,0.000000,10.499828,0.000002,0.000000,1.000000;;
          }

          Frame ValveBiped_Bip01_L_Hand {
           

           FrameTransformMatrix {
            0.995995,-0.017717,-0.087632,0.000000,0.087986,0.020332,0.995914,0.000000,-0.015863,-0.999636,0.021809,0.000000,10.774792,0.000004,0.000000,1.000000;;
           }

           Frame ValveBiped_Bip01_L_Finger0 {
            

            FrameTransformMatrix {
             0.887317,-0.373548,0.270424,0.000000,0.258687,-0.082270,-0.962451,0.000000,0.381769,0.923955,0.023633,0.000000,0.510513,-0.778585,0.199408,1.000000;;
            }

            Frame ValveBiped_Bip01_L_Finger01 {
             

             FrameTransformMatrix {
              0.987128,0.000000,0.159935,0.000000,0.000000,1.000000,-0.000000,0.000000,-0.159935,-0.000000,0.987128,0.000000,1.914633,0.000010,0.000002,1.000000;;
             }

             Frame ValveBiped_Bip01_L_Finger02 {
              

              FrameTransformMatrix {
               0.989795,0.000000,0.142496,0.000000,0.000000,1.000000,0.000000,0.000000,-0.142496,-0.000000,0.989795,0.000000,1.183783,-0.000002,-0.000006,1.000000;;
              }
             }
            }
           }

           Frame ValveBiped_Bip01_L_Finger1 {
            

            FrameTransformMatrix {
             0.850206,0.050219,0.524049,0.000000,-0.023194,0.998046,-0.058011,0.000000,-0.525939,0.037166,0.849710,0.000000,3.715998,-0.896519,-0.316261,1.000000;;
            }

            Frame ValveBiped_Bip01_L_Finger11 {
             

             FrameTransformMatrix {
              0.878931,0.000000,0.476950,0.000000,0.000000,1.000000,-0.000000,0.000000,-0.476950,0.000000,0.878931,0.000000,1.551167,0.000000,-0.000001,1.000000;;
             }

             Frame ValveBiped_Bip01_L_Finger12 {
              

              FrameTransformMatrix {
               0.885590,0.000000,0.464467,0.000000,-0.000000,1.000000,0.000000,0.000000,-0.464467,0.000000,0.885590,0.000000,1.096729,0.000000,-0.000002,1.000000;;
              }
             }
            }
           }

           Frame ValveBiped_Bip01_L_Finger2 {
            

            FrameTransformMatrix {
             0.820522,0.058242,0.568640,0.000000,-0.063399,0.997930,-0.010730,0.000000,-0.568088,-0.027247,0.822517,0.000000,3.774006,0.032127,-0.343851,1.000000;;
            }

            Frame ValveBiped_Bip01_L_Finger21 {
             

             FrameTransformMatrix {
              0.564232,-0.000000,0.825617,0.000000,0.000000,1.000000,0.000000,0.000000,-0.825617,0.000000,0.564232,0.000000,1.693275,0.000003,0.000000,1.000000;;
             }

             Frame ValveBiped_Bip01_L_Finger22 {
              

              FrameTransformMatrix {
               0.881917,0.000000,0.471406,0.000000,-0.000000,1.000000,0.000000,0.000000,-0.471406,0.000000,0.881917,0.000000,1.096508,-0.000001,0.000004,1.000000;;
              }
             }
            }
           }

           Frame ValveBiped_Bip01_L_Finger3 {
            

            FrameTransformMatrix {
             0.737621,0.091462,0.668991,0.000000,-0.211845,0.972104,0.100676,0.000000,-0.641121,-0.215983,0.736420,0.000000,3.611593,0.812979,-0.245842,1.000000;;
            }

            Frame ValveBiped_Bip01_L_Finger31 {
             

             FrameTransformMatrix {
              0.450625,-0.000000,0.892713,0.000000,0.000001,1.000000,-0.000000,0.000000,-0.892713,0.000001,0.450625,0.000000,1.396450,-0.000001,-0.000003,1.000000;;
             }

             Frame ValveBiped_Bip01_L_Finger32 {
              

              FrameTransformMatrix {
               0.893031,0.000000,0.449996,0.000000,0.000000,1.000000,-0.000001,0.000000,-0.449996,0.000001,0.893030,0.000000,1.039907,0.000000,0.000000,1.000000;;
              }
             }
            }
           }

           Frame ValveBiped_Bip01_L_Finger4 {
            

            FrameTransformMatrix {
             0.788880,0.213098,0.576417,0.000000,-0.395024,0.894348,0.209992,0.000000,-0.470769,-0.393357,0.789713,0.000000,3.130732,1.483110,0.066673,1.000000;;
            }

            Frame ValveBiped_Bip01_L_Finger41 {
             

             FrameTransformMatrix {
              0.594719,0.000000,0.803933,0.000000,0.000001,1.000000,-0.000001,0.000000,-0.803934,0.000001,0.594719,0.000000,1.026253,-0.000001,-0.000005,1.000000;;
             }

             Frame ValveBiped_Bip01_L_Finger42 {
              

              FrameTransformMatrix {
               0.955964,0.000000,0.293483,0.000000,-0.000000,1.000000,-0.000000,0.000000,-0.293483,0.000000,0.955964,0.000000,0.800846,-0.000001,-0.000004,1.000000;;
              }
             }
            }
           }

           Frame ValveBiped_Anim_Attachment_LH {
            

            FrameTransformMatrix {
             -0.263854,0.964313,0.021923,0.000000,0.961392,0.264760,-0.075016,0.000000,-0.078143,0.001283,-0.996941,0.000000,2.682129,-0.009736,0.691864,1.000000;;
            }
           }
          }

          Frame ValveBiped_Bip01_L_ForeTwist {
           

           FrameTransformMatrix {
            1.000000,0.000000,0.000000,0.000000,0.000000,1.000000,-0.000265,0.000000,0.000000,0.000265,1.000000,0.000000,0.000000,-0.000002,0.000000,1.000000;;
           }

           Frame ValveBiped_Bip01_L_ForeTwist1 {
            

            FrameTransformMatrix {
             1.000000,-0.000000,0.000000,0.000000,-0.000000,0.999911,-0.013322,0.000000,0.000000,0.013322,0.999911,0.000000,5.387398,0.000008,-0.000001,1.000000;;
            }
           }
          }

          Frame ValveBiped_Anim_Attachment_LF {
           

           FrameTransformMatrix {
            -0.001465,-0.002453,0.999996,0.000000,-0.999823,-0.018784,-0.001510,0.000000,0.018788,-0.999821,-0.002425,0.000000,6.644894,2.096661,-2.260191,1.000000;;
           }
          }
         }

         Frame ValveBiped_Bip01_L_Shoulder01 {
          

          FrameTransformMatrix {
           1.000000,0.000000,0.000000,0.000000,0.000000,0.978855,-0.204554,0.000000,0.000000,0.204554,0.978855,0.000000,0.000000,0.000000,0.000000,1.000000;;
          }
         }

         Frame ValveBiped_Bip01_L_UpperArm01 {
          

          FrameTransformMatrix {
           1.000000,0.000000,0.000000,0.000000,0.000000,0.994229,-0.107275,0.000000,0.000000,0.107275,0.994230,0.000000,3.541130,-0.000004,0.000002,1.000000;;
          }
         }
        }
       }

       Frame ValveBiped_Bip01_R_Clavicle {
        

        FrameTransformMatrix {
         -0.362063,-0.872409,-0.328349,0.000000,-0.916129,0.267998,0.298136,0.000000,-0.172100,0.408754,-0.896271,0.000000,-0.319946,-1.493991,0.350409,1.000000;;
        }

        Frame ValveBiped_Bip01_R_UpperArm {
         

         FrameTransformMatrix {
          0.621518,0.780085,-0.071988,0.000000,-0.711808,0.600708,0.363976,0.000000,0.327177,-0.174976,0.928622,0.000000,4.107855,-0.000008,0.000000,1.000000;;
         }

         Frame ValveBiped_Bip01_R_Forearm {
          

          FrameTransformMatrix {
           0.940238,-0.000000,-0.340519,0.000000,0.000000,1.000000,-0.000000,0.000000,0.340519,0.000000,0.940237,0.000000,10.499825,-0.000008,0.000000,1.000000;;
          }

          Frame ValveBiped_Bip01_R_Hand {
           

           FrameTransformMatrix {
            0.991115,0.100276,-0.087376,0.000000,-0.050518,-0.323894,-0.944744,0.000000,-0.123036,0.940764,-0.315951,0.000000,10.774788,0.000000,0.000002,1.000000;;
           }

           Frame ValveBiped_Bip01_R_Finger0 {
            

            FrameTransformMatrix {
             0.731722,0.261223,0.629561,0.000000,-0.547884,-0.324044,0.771246,0.000000,0.405472,-0.909263,-0.093990,0.000000,0.510506,0.778585,0.199400,1.000000;;
            }

            Frame ValveBiped_Bip01_R_Finger01 {
             

             FrameTransformMatrix {
              0.957127,-0.000001,0.289671,0.000000,0.000001,1.000000,0.000000,0.000000,-0.289671,0.000000,0.957127,0.000000,1.914631,-0.000001,0.000002,1.000000;;
             }

             Frame ValveBiped_Bip01_R_Finger02 {
              

              FrameTransformMatrix {
               -0.107684,-0.000001,0.994185,0.000000,-0.000000,1.000000,0.000001,0.000000,-0.994186,-0.000000,-0.107684,0.000000,1.183792,-0.000004,0.000002,1.000000;;
              }
             }
            }
           }

           Frame ValveBiped_Bip01_R_Finger1 {
            

            FrameTransformMatrix {
             0.583629,0.018236,0.811816,0.000000,-0.087731,0.995313,0.040713,0.000000,-0.807268,-0.094983,0.582492,0.000000,3.716000,0.896518,-0.316259,1.000000;;
            }

            Frame ValveBiped_Bip01_R_Finger11 {
             

             FrameTransformMatrix {
              -0.031927,-0.000001,0.999490,0.000000,-0.000000,1.000000,0.000001,0.000000,-0.999490,0.000000,-0.031927,0.000000,1.551167,-0.000003,0.000001,1.000000;;
             }

             Frame ValveBiped_Bip01_R_Finger12 {
              

              FrameTransformMatrix {
               0.620307,-0.000001,0.784359,0.000000,0.000001,1.000000,0.000001,0.000000,-0.784359,0.000000,0.620307,0.000000,1.096724,0.000001,-0.000002,1.000000;;
              }
             }
            }
           }

           Frame ValveBiped_Bip01_R_Finger2 {
            

            FrameTransformMatrix {
             0.439350,0.094317,0.893351,0.000000,0.028390,0.992519,-0.118748,0.000000,-0.897867,0.077534,0.433386,0.000000,3.774010,-0.032129,-0.343853,1.000000;;
            }

            Frame ValveBiped_Bip01_R_Finger21 {
             

             FrameTransformMatrix {
              -0.179477,0.000000,0.983762,0.000000,-0.000000,1.000000,0.000000,0.000000,-0.983762,0.000000,-0.179477,0.000000,1.693279,0.000001,0.000008,1.000000;;
             }

             Frame ValveBiped_Bip01_R_Finger22 {
              

              FrameTransformMatrix {
               0.788830,-0.000000,0.614612,0.000000,-0.000000,1.000000,0.000000,0.000000,-0.614612,0.000000,0.788829,0.000000,1.096508,0.000000,-0.000008,1.000000;;
              }
             }
            }
           }

           Frame ValveBiped_Bip01_R_Finger3 {
            

            FrameTransformMatrix {
             0.228005,0.145409,0.962741,0.000000,0.224375,0.954327,-0.197276,0.000000,-0.947455,0.260995,0.184965,0.000000,3.611588,-0.812978,-0.245848,1.000000;;
            }

            Frame ValveBiped_Bip01_R_Finger31 {
             

             FrameTransformMatrix {
              0.208131,0.000000,0.978101,0.000000,0.000000,1.000000,0.000000,0.000000,-0.978101,0.000000,0.208131,0.000000,1.396442,0.000002,0.000004,1.000000;;
             }

             Frame ValveBiped_Bip01_R_Finger32 {
              

              FrameTransformMatrix {
               0.791756,-0.000000,0.610837,0.000000,-0.000000,1.000000,0.000000,0.000000,-0.610838,0.000000,0.791756,0.000000,1.039906,0.000002,-0.000004,1.000000;;
              }
             }
            }
           }

           Frame ValveBiped_Bip01_R_Finger4 {
            

            FrameTransformMatrix {
             0.249420,0.175424,0.952375,0.000000,0.451285,0.849085,-0.274586,0.000000,-0.856815,0.498279,0.132613,0.000000,3.130730,-1.483106,0.066668,1.000000;;
            }

            Frame ValveBiped_Bip01_R_Finger41 {
             

             FrameTransformMatrix {
              0.317413,-0.000000,0.948288,0.000000,0.000000,1.000000,-0.000000,0.000000,-0.948287,-0.000000,0.317413,0.000000,1.026260,-0.000000,0.000004,1.000000;;
             }

             Frame ValveBiped_Bip01_R_Finger42 {
              

              FrameTransformMatrix {
               0.856044,-0.000000,0.516904,0.000000,0.000000,1.000000,-0.000000,0.000000,-0.516904,0.000000,0.856044,0.000000,0.800844,0.000001,0.000000,1.000000;;
              }
             }
            }
           }

           Frame ValveBiped_Anim_Attachment_RH {
            

            FrameTransformMatrix {
             0.263856,0.964313,-0.021925,0.000000,-0.961392,0.264762,0.075015,0.000000,0.078142,0.001285,0.996941,0.000000,2.689373,-0.215701,0.725540,1.000000;;
            }
           }
          }

          Frame ValveBiped_Bip01_R_ForeTwist {
           

           FrameTransformMatrix {
            1.000000,-0.000001,0.000000,0.000000,0.000001,0.993944,-0.109885,0.000000,0.000000,0.109885,0.993944,0.000000,-0.000004,0.000004,0.000000,1.000000;;
           }

           Frame ValveBiped_Bip01_R_ForeTwist1 {
            

            FrameTransformMatrix {
             1.000000,-0.000001,0.000000,0.000000,0.000001,0.993944,-0.109885,0.000000,0.000000,0.109885,0.993945,0.000000,5.387398,0.000000,0.000001,1.000000;;
            }
           }
          }
         }

         Frame ValveBiped_Bip01_R_Shoulder01 {
          

          FrameTransformMatrix {
           1.000000,0.000000,-0.000000,0.000000,-0.000000,0.992377,-0.123237,0.000000,0.000000,0.123237,0.992377,0.000000,0.000000,-0.000004,0.000000,1.000000;;
          }
         }

         Frame ValveBiped_Bip01_R_UpperArm01 {
          

          FrameTransformMatrix {
           1.000000,0.000000,-0.000000,0.000000,-0.000000,0.997923,-0.064416,0.000000,0.000000,0.064416,0.997923,0.000000,3.558449,-0.000008,0.000000,1.000000;;
          }
         }
        }
       }
      }
     }

     Frame ValveBiped_Bip01_R_Breast {
      

      FrameTransformMatrix {
       -0.150002,0.000000,0.988686,0.000000,-0.000001,-1.000000,-0.000000,0.000000,0.988686,-0.000001,0.150001,0.000000,2.310131,-3.425818,0.426892,1.000000;;
      }
     }

     Frame ValveBiped_Bip01_L_Breast {
      

      FrameTransformMatrix {
       0.150001,-0.000001,-0.988686,0.000000,-0.000001,-1.000000,0.000001,0.000000,-0.988686,0.000001,-0.150001,0.000000,2.310120,3.425819,0.426883,1.000000;;
      }
     }

     Frame jiggle_Rbust_1 {
      

      FrameTransformMatrix {
       0.095136,0.000001,0.995464,0.000000,-0.000001,-1.000000,0.000001,0.000000,0.995464,-0.000001,-0.095136,0.000000,2.114704,-2.705513,-1.892770,1.000000;;
      }

      Frame jiggle_Rbust_2 {
       

       FrameTransformMatrix {
        0.995017,-0.032295,-0.094330,0.000000,0.032250,0.999478,-0.002006,0.000000,0.094346,-0.001047,0.995539,0.000000,2.686731,-0.000001,-0.000019,1.000000;;
       }
      }
     }

     Frame jiggle_Lbust_1 {
      

      FrameTransformMatrix {
       0.095136,0.000001,0.995464,0.000000,-0.000001,-1.000000,0.000001,0.000000,0.995464,-0.000001,-0.095136,0.000000,2.114712,2.705569,-1.892779,1.000000;;
      }

      Frame jiggle_Lbust_2 {
       

       FrameTransformMatrix {
        0.996346,0.028379,-0.080558,0.000000,-0.028004,0.999591,0.005778,0.000000,0.080689,-0.003500,0.996733,0.000000,2.686729,-0.000001,-0.000008,1.000000;;
       }
      }
     }
    }

    Frame ValveBiped_Anim_Attachment_CAM {
     

     FrameTransformMatrix {
      -0.070896,0.000002,0.997484,0.000000,-0.000002,1.000000,-0.000002,0.000000,-0.997484,-0.000002,-0.070896,0.000000,4.230896,0.000004,0.412551,1.000000;;
     }
    }
   }

   Frame ValveBiped_Bip01_L_Thigh {
    

    FrameTransformMatrix {
     -0.887640,0.183693,0.422316,0.000000,-0.293272,-0.932497,-0.210807,0.000000,0.355085,-0.310974,0.881595,0.000000,-3.561916,3.397964,0.728546,1.000000;;
    }

    Frame ValveBiped_Bip01_L_Calf {
     

     FrameTransformMatrix {
      0.912583,0.000000,-0.408892,0.000000,0.000000,1.000000,-0.000000,0.000000,0.408892,-0.000000,0.912583,0.000000,18.369816,0.000000,0.000000,1.000000;;
     }

     Frame ValveBiped_Bip01_L_Foot {
      

      FrameTransformMatrix {
       0.933094,0.326504,0.150765,0.000000,-0.354722,0.904614,0.236319,0.000000,-0.059225,-0.273988,0.959908,0.000000,19.744328,0.000000,-0.000000,1.000000;;
      }

      Frame ValveBiped_Bip01_L_Toe0 {
       

       FrameTransformMatrix {
        0.000000,0.185621,0.982621,0.000000,-0.000000,0.982621,-0.185621,0.000000,-1.000000,-0.000000,0.000000,0.000000,4.613142,0.000000,5.301875,1.000000;;
       }
      }
     }
    }
   }

   Frame ValveBiped_Bip01_R_Thigh {
    

    FrameTransformMatrix {
     -0.898017,-0.315352,0.306787,0.000000,0.290504,-0.948697,-0.124828,0.000000,0.330412,-0.022974,0.943557,0.000000,-3.397846,-3.632344,0.087920,1.000000;;
    }

    Frame ValveBiped_Bip01_R_Calf {
     

     FrameTransformMatrix {
      0.820206,0.000000,-0.572068,0.000000,0.000000,1.000000,0.000000,0.000000,0.572068,0.000000,0.820206,0.000000,18.369819,0.000002,-0.000001,1.000000;;
     }

     Frame ValveBiped_Bip01_R_Foot {
      

      FrameTransformMatrix {
       0.904690,-0.243411,0.349697,0.000000,0.297274,0.948573,-0.108802,0.000000,-0.305230,0.202387,0.930524,0.000000,19.744333,0.000000,-0.000000,1.000000;;
      }

      Frame ValveBiped_Bip01_R_Toe0 {
       

       FrameTransformMatrix {
        0.000000,0.120611,0.992700,0.000000,-0.000000,0.992700,-0.120611,0.000000,-1.000000,0.000000,0.000000,0.000000,4.613144,0.000001,5.301878,1.000000;;
       }
      }
     }
    }
   }
  }
 }

 Frame ValveBiped_Anim_Attachment_GRAPPLING {
  

  FrameTransformMatrix {
   0.000000,1.000000,0.000000,0.000000,-0.000000,0.000000,-1.000000,0.000000,-1.000000,0.000000,0.000000,0.000000,35.433069,-42.566672,-0.000051,1.000000;;
  }
 }

 Frame ValveBiped_Anim_Attachment_EyeTarget {
  

  FrameTransformMatrix {
   -0.891283,0.014590,-0.453213,0.000000,0.453430,0.019689,-0.891075,0.000000,-0.004078,-0.999700,-0.024164,0.000000,77.885011,23.627952,39.111280,1.000000;;
  }
 }
}

Frame ValveBiped_Anim_Attachment_CAM_Origin {
 

 FrameTransformMatrix {
  1.000000,0.000000,0.000000,0.000000,0.000000,1.000000,0.000000,0.000000,0.000000,0.000000,1.000000,0.000000,0.000000,0.000000,0.000000,1.000000;;
 }
}

Frame SMDImport {
 

 FrameTransformMatrix {
  1.000000,0.000000,0.000000,0.000000,0.000000,1.000000,0.000000,0.000000,0.000000,0.000000,1.000000,0.000000,0.000000,0.000000,0.000000,1.000000;;
 }

 Mesh SMDImport {
  3749;
  1.306654;44.630666;4.679462;,
  0.591974;43.487862;5.099012;,
  1.401771;43.529264;5.182116;,
  2.680201;45.664787;3.787072;,
  2.875610;44.567283;4.407621;,
  0.929566;46.694858;3.212652;,
  1.913926;48.116752;2.272365;,
  0.616115;47.940669;2.425405;,
  2.336813;46.787786;3.012021;,
  1.141259;45.680496;3.967739;,
  -0.062086;44.587107;4.580743;,
  -0.027980;43.352013;4.769442;,
  -0.690164;43.482016;5.084000;,
  -1.438613;44.613552;4.635464;,
  -1.490017;43.517677;5.152332;,
  -1.308163;45.659213;3.913012;,
  -0.070788;45.681344;4.048898;,
  -0.120492;46.718720;3.249316;,
  -1.143979;46.674813;3.149282;,
  -2.622820;46.727056;2.800132;,
  -2.848650;45.613088;3.654099;,
  -3.026027;44.521603;4.290145;,
  -2.308623;48.051965;1.996172;,
  -1.051807;47.914531;2.312862;,
  4.728180;45.382832;-2.440391;,
  4.431919;44.441853;-2.861893;,
  3.672693;44.901296;-2.988591;,
  1.906142;44.380346;-3.197860;,
  3.760296;43.511123;-3.067953;,
  2.512940;42.786243;-2.992003;,
  4.891644;44.067818;-2.711758;,
  5.749623;44.420563;-1.631248;,
  3.820766;42.718141;-3.205239;,
  2.575752;41.805267;-3.073681;,
  4.997736;43.314064;-2.859675;,
  5.986909;43.532205;-1.907975;,
  6.583737;43.463142;-0.342381;,
  6.205476;44.500618;-0.033012;,
  5.753148;45.793603;0.011122;,
  6.058552;44.503322;1.367855;,
  5.516506;45.782243;1.406969;,
  5.454484;44.471443;2.583883;,
  4.777109;45.732550;2.519634;,
  4.312452;44.475197;3.782186;,
  3.975681;45.692090;3.199522;,
  3.833762;46.866931;2.335776;,
  2.336813;46.787786;3.012021;,
  3.111769;48.269507;1.812147;,
  1.913926;48.116752;2.272365;,
  2.680201;45.664787;3.787072;,
  5.225132;42.542138;-3.175226;,
  4.821528;46.958915;1.261796;,
  3.942111;48.331725;0.902114;,
  5.037370;47.118806;-0.036116;,
  5.417631;45.679002;-1.492096;,
  4.226038;46.674512;-2.316183;,
  3.289267;46.357760;-3.048059;,
  1.978328;46.075379;-3.463665;,
  0.139843;45.863968;-3.740194;,
  0.066444;44.097821;-3.421526;,
  -1.908572;44.362586;-3.308407;,
  -1.626833;46.012912;-3.641540;,
  0.181293;47.226922;-3.752277;,
  -1.387850;47.353171;-3.813961;,
  -1.140327;48.768739;-4.012070;,
  -2.290848;48.879037;-3.621782;,
  -2.573011;47.587322;-3.445477;,
  4.829149;46.949859;-1.435489;,
  0.259465;48.747770;-4.034407;,
  1.631198;48.819424;-3.761952;,
  1.829946;47.432662;-3.593584;,
  4.342900;48.384051;-0.172139;,
  -4.950780;46.805453;0.802179;,
  -5.726014;45.637389;-0.355294;,
  -5.586257;45.628784;1.012195;,
  -5.058033;46.944282;-0.634450;,
  -4.170248;48.188096;0.302560;,
  -4.412338;48.228179;-0.834387;,
  -3.875364;49.168413;0.111818;,
  -3.988956;49.203766;-0.941235;,
  -3.694821;49.081328;-2.190773;,
  -4.110036;48.008166;-2.116335;,
  -3.556479;47.815043;-2.956141;,
  -3.976192;46.531280;-2.776099;,
  -2.975342;46.252938;-3.372636;,
  -3.217318;48.999146;-3.113041;,
  -2.306889;49.971008;-3.837259;,
  -1.050559;49.912483;-4.140266;,
  -1.150354;51.045798;-4.230775;,
  -3.608325;50.226474;-2.342497;,
  -3.170146;50.103581;-3.288418;,
  -2.517387;51.040438;-4.027924;,
  -1.206133;51.993478;-4.532122;,
  0.254678;52.131341;-4.411028;,
  -2.699960;51.984429;-4.231159;,
  -3.376809;51.156653;-3.450288;,
  0.212149;51.091226;-4.139233;,
  0.238277;49.898896;-4.137889;,
  0.734534;53.306576;-4.585206;,
  1.705363;51.942528;-4.257544;,
  1.853163;52.761050;-4.462016;,
  1.561151;51.019402;-3.977452;,
  2.894053;51.005098;-3.524280;,
  3.123722;51.895750;-3.683206;,
  3.266990;52.564918;-3.759214;,
  2.570706;53.171050;-4.229836;,
  3.333432;53.153370;-3.745201;,
  3.993053;52.856547;-3.134393;,
  4.061912;53.493990;-3.188530;,
  4.140989;53.505965;-3.406996;,
  4.649246;54.027923;-2.858212;,
  4.782008;54.102266;-3.502028;,
  5.090116;54.663219;-3.187092;,
  5.067661;54.796691;-3.847639;,
  5.192427;55.469805;-3.658073;,
  5.265555;55.295578;-2.926433;,
  4.537692;53.924749;-2.436336;,
  3.887464;55.743085;-5.881406;,
  2.728168;56.341990;-5.694672;,
  3.872490;56.442624;-5.383964;,
  4.560254;55.633875;-5.212968;,
  4.788454;56.356109;-4.595835;,
  4.968853;55.604691;-4.459441;,
  5.214179;56.159219;-3.529967;,
  5.261895;55.866803;-2.771325;,
  5.111790;55.312602;-2.339772;,
  4.938120;54.577773;-2.558416;,
  4.957145;55.023590;-4.463653;,
  4.523786;54.974118;-5.122436;,
  3.842367;54.903955;-5.647734;,
  2.841110;55.574259;-6.003461;,
  1.826238;56.098682;-5.664950;,
  1.784356;56.757344;-5.263230;,
  2.706296;56.925216;-5.314942;,
  3.837117;57.028998;-4.873622;,
  4.685184;56.936998;-4.141185;,
  5.139812;56.752800;-3.318068;,
  5.279404;56.543859;-2.626801;,
  2.884380;54.832960;-5.898168;,
  5.190471;55.914099;-2.175950;,
  5.009652;55.785293;-1.732350;,
  4.898546;55.078637;-1.921381;,
  5.277115;57.070010;-2.407236;,
  5.207996;56.424922;-2.005353;,
  5.066030;56.347155;-1.466973;,
  5.229781;56.988448;-1.832830;,
  5.104876;57.154746;-2.935628;,
  5.185661;57.753146;-2.206775;,
  5.128513;57.691034;-1.675392;,
  4.950700;58.194490;-2.655430;,
  3.811643;57.620013;-4.193158;,
  4.560579;57.577325;-3.677643;,
  4.875026;57.710746;-3.065119;,
  4.437657;58.189082;-3.125774;,
  3.801511;58.226067;-3.579247;,
  2.591724;58.224339;-3.974060;,
  2.655340;57.603667;-4.593663;,
  7.030419;54.047258;-0.110374;,
  5.769448;55.563968;-0.385412;,
  6.524260;55.685453;-0.523231;,
  6.237852;53.841574;-0.115459;,
  7.243066;55.859686;-0.180429;,
  7.703422;54.202394;0.232897;,
  6.984884;56.759104;-0.377874;,
  6.245858;56.582835;-0.715567;,
  5.543160;56.483693;-0.519337;,
  7.617626;55.931078;0.507092;,
  7.992184;54.344538;0.898783;,
  7.391874;56.825875;0.273311;,
  7.270546;57.415354;0.086606;,
  6.785146;57.385587;-0.577647;,
  5.989235;57.471411;-0.929244;,
  5.335381;57.513574;-0.619766;,
  7.232916;58.008653;-0.032371;,
  6.698589;57.946822;-0.748164;,
  4.111698;53.871578;0.455116;,
  4.461242;53.814445;-1.019388;,
  4.590601;54.408614;-0.400876;,
  4.390580;55.371136;0.766391;,
  3.288208;53.871923;1.284817;,
  3.613414;55.457338;1.692451;,
  4.612724;54.021363;-1.871052;,
  4.703607;54.534816;-1.596618;,
  4.690214;54.531846;-1.018217;,
  4.771740;55.362272;-0.241787;,
  4.986057;56.369677;0.090139;,
  4.670726;56.637171;1.212857;,
  4.462426;57.356544;1.961458;,
  3.740214;57.231539;2.304350;,
  2.448461;56.001338;2.357347;,
  2.418937;54.988922;2.100192;,
  2.466309;53.839693;1.816875;,
  2.651556;52.730819;1.380569;,
  3.836935;52.763322;0.517424;,
  4.181560;52.671402;-0.794004;,
  4.892181;55.395891;-0.989791;,
  4.458570;53.382038;-2.310028;,
  4.227827;52.450426;-2.016098;,
  3.884290;52.104262;-2.989768;,
  -2.622820;46.727056;2.800132;,
  -4.148148;45.596496;2.953853;,
  -2.848650;45.613088;3.654099;,
  -4.079330;46.756374;1.959820;,
  -3.486970;48.160531;1.320495;,
  -2.308623;48.051965;1.996172;,
  -4.878600;45.617088;2.221338;,
  -4.379215;44.408806;3.603920;,
  -5.441464;44.382538;2.406843;,
  -6.772083;38.064298;-4.287884;,
  -4.840503;39.899946;-3.887306;,
  -5.313059;37.861216;-4.390239;,
  -6.253518;40.614048;-3.536639;,
  -7.800490;38.047398;-3.606840;,
  -7.375462;40.458464;-2.395606;,
  -8.101574;38.076634;-2.618453;,
  -7.731953;40.335827;-0.792389;,
  -8.386232;38.086019;-1.098213;,
  -7.696982;39.436877;0.814959;,
  -7.449092;40.443078;0.897538;,
  -6.573734;40.423786;2.366331;,
  -6.977074;41.973686;1.159351;,
  -6.155418;41.864506;2.557163;,
  -6.550985;43.190278;1.252687;,
  -5.847186;43.107542;2.590023;,
  -6.045739;44.383664;1.149077;,
  -7.150596;38.616221;1.989224;,
  -8.120116;37.444531;0.681890;,
  -5.806034;44.320285;-1.696736;,
  -5.314293;45.532534;-1.842706;,
  -7.208233;41.960458;-0.486484;,
  -6.139072;43.429062;-1.806500;,
  -6.888335;41.915763;-2.077701;,
  -6.603091;43.358262;-0.239201;,
  -6.191526;44.385635;-0.158821;,
  -5.624338;42.446464;-2.953636;,
  -4.407642;41.691302;-3.415778;,
  -4.104962;42.647606;-3.229654;,
  -4.676779;46.780992;-2.004221;,
  -4.588894;45.264762;-2.730653;,
  -5.057113;43.983994;-2.745229;,
  -5.270661;43.220566;-2.788992;,
  -3.938280;43.456045;-3.139102;,
  -4.442027;44.359686;-3.019601;,
  -3.525169;44.824010;-3.193686;,
  -2.600319;42.778874;-3.034350;,
  -1.736850;42.639136;-3.127475;,
  -1.468016;41.361174;-2.830619;,
  -0.000003;42.543782;-3.275162;,
  -0.011180;41.127018;-2.997596;,
  1.372037;41.365075;-2.755677;,
  1.635945;42.643472;-3.050893;,
  1.719422;40.967626;-2.692163;,
  -4.010688;57.379738;1.589382;,
  -3.131529;58.761363;2.384770;,
  -4.178106;58.749094;1.946097;,
  -3.029124;57.395405;2.134942;,
  -2.990438;56.138976;1.839657;,
  -4.040243;55.638630;0.965343;,
  -2.969656;55.106304;1.589417;,
  -3.718846;54.001536;0.623207;,
  -3.011612;53.939558;1.299811;,
  -1.795194;56.130784;2.192660;,
  -1.805924;57.409638;2.385893;,
  -1.820169;55.046893;1.913005;,
  -1.835379;53.818157;1.611248;,
  -1.865064;52.669747;1.485092;,
  -3.153938;52.791856;0.837650;,
  -4.142048;52.854630;-0.229656;,
  -4.373518;54.026150;-0.345797;,
  -4.264263;52.729776;-1.580402;,
  -4.445298;53.980435;-1.860488;,
  -4.093968;52.539194;-2.794462;,
  -4.219121;53.562378;-3.131505;,
  -4.909096;56.597862;-1.726129;,
  -4.821024;55.584627;-1.152569;,
  -5.015042;56.660205;-0.865982;,
  -4.790728;55.637965;-1.911104;,
  -4.636372;54.738080;-1.902613;,
  -4.661995;54.598189;-1.276573;,
  -4.633108;55.585741;-0.090970;,
  -4.903102;56.915290;0.297583;,
  6.237941;57.626157;2.329032;,
  5.478342;56.654528;2.519609;,
  6.425727;56.834048;2.487637;,
  5.638883;55.764474;2.654593;,
  4.860093;55.643885;2.157803;,
  5.276084;54.018624;2.325379;,
  6.038225;54.158688;2.829823;,
  6.595140;55.987373;2.673769;,
  6.902929;54.319520;2.922868;,
  7.471996;54.407763;2.586998;,
  7.244594;56.058432;2.257246;,
  7.086722;56.916794;2.035909;,
  6.972180;57.644435;1.882805;,
  6.898922;58.282381;1.769898;,
  6.129225;58.274355;2.212897;,
  5.361466;57.557920;2.403441;,
  5.319807;58.274950;2.326664;,
  4.696173;56.427917;2.016090;,
  4.641879;57.502477;1.899123;,
  -2.911180;57.225037;-5.518773;,
  -3.935008;56.609530;-5.429812;,
  -3.886540;57.185907;-4.960638;,
  -2.882972;56.638867;-6.029798;,
  -3.636133;55.871981;-5.996558;,
  -2.843827;55.938643;-6.524832;,
  -2.900228;55.088486;-6.291070;,
  -3.664186;55.197434;-5.903592;,
  -2.945450;54.252038;-5.965242;,
  -3.783873;54.570054;-5.627392;,
  -4.211740;55.271322;-5.338131;,
  -4.223036;54.512090;-4.986852;,
  -4.459704;55.026547;-4.753221;,
  -4.568762;55.736634;-4.589387;,
  -4.180987;55.870496;-5.334184;,
  -4.565524;56.443315;-4.464923;,
  -4.772649;56.158323;-3.730546;,
  -1.952720;54.224672;-6.068640;,
  -2.979065;53.819002;-5.533290;,
  -3.780034;54.062061;-5.213621;,
  -3.734702;53.774950;-4.676020;,
  -4.284357;54.293152;-4.360674;,
  -4.616719;54.882989;-4.108118;,
  -4.779825;55.587392;-3.886788;,
  -4.751025;55.572512;-3.279695;,
  -4.812620;56.204678;-3.132263;,
  -4.778216;56.836032;-3.588328;,
  -4.498496;57.032794;-4.239507;,
  -1.732533;53.748723;-5.609569;,
  -4.590510;54.787763;-3.461892;,
  -4.277119;54.215021;-3.703403;,
  -4.832708;56.716602;-2.965262;,
  -4.787376;57.362285;-3.369398;,
  -4.513640;57.434182;-3.855077;,
  -3.815213;57.820634;-4.478384;,
  -2.981033;57.817344;-4.842549;,
  -1.772810;57.732301;-5.017000;,
  -1.725138;57.053946;-5.738593;,
  -1.708241;56.470861;-6.118800;,
  -1.804657;55.709216;-6.447604;,
  -1.909747;54.972224;-6.356494;,
  -4.854307;57.281389;-2.796886;,
  -4.231728;57.975296;-3.935739;,
  1.940212;55.291469;-5.904014;,
  2.162895;54.495904;-5.777619;,
  2.817609;54.106528;-5.614877;,
  3.772910;54.086701;-5.326393;,
  4.546040;54.370099;-4.835740;,
  4.850702;54.308672;-4.126121;,
  4.278829;53.615635;-3.918138;,
  3.477826;53.188208;-3.934150;,
  3.583185;53.313734;-4.334368;,
  4.437354;53.882886;-4.434693;,
  3.701202;53.668611;-4.899531;,
  -0.564688;40.865750;4.631946;,
  -1.544892;42.001754;5.186322;,
  -1.557588;40.849312;4.773244;,
  -3.020326;44.512320;4.273292;,
  -1.489497;43.511696;5.133241;,
  -1.437078;44.603606;4.618161;,
  -0.694718;43.478598;5.064780;,
  -0.455992;42.053334;5.036403;,
  0.000008;42.066525;4.710524;,
  0.000011;40.873446;4.328794;,
  0.564712;40.865757;4.631946;,
  0.915681;39.917446;3.910545;,
  0.073745;40.060384;3.767216;,
  0.901862;39.516995;3.284568;,
  0.128575;39.545734;2.482617;,
  0.789296;39.126582;2.139313;,
  0.184905;39.028934;0.653800;,
  0.737402;38.891075;0.150094;,
  0.133936;39.049606;-0.736138;,
  0.813560;39.101200;-0.708379;,
  0.032775;39.483680;-1.971068;,
  0.973746;39.588176;-2.012108;,
  -0.828528;39.108499;-0.771776;,
  -1.064759;39.588496;-2.107374;,
  -0.718891;38.902618;0.101261;,
  -0.702387;39.149450;2.097131;,
  -0.851941;39.526954;3.270376;,
  -0.835201;39.932045;3.888590;,
  1.544909;42.001766;5.186318;,
  1.557712;40.849325;4.773239;,
  -0.027493;43.350666;4.749494;,
  -0.061756;44.579520;4.562216;,
  -1.305716;45.647334;3.897224;,
  -0.070404;45.670746;4.031873;,
  -1.141392;46.663178;3.133266;,
  -0.119859;46.706314;3.233662;,
  0.928159;46.683190;3.196514;,
  1.139711;45.668579;3.951862;,
  1.305691;44.620704;4.662118;,
  0.597014;43.484486;5.079906;,
  1.401692;43.523280;5.163019;,
  0.456008;42.053338;5.036401;,
  2.870822;44.557920;4.390559;,
  3.013259;43.430957;4.814560;,
  2.675681;45.653411;3.771359;,
  2.332707;46.775939;2.996416;,
  1.910701;48.108115;2.254594;,
  0.616838;47.931344;2.407726;,
  -0.193570;47.787190;2.385086;,
  -1.049788;47.905222;2.295271;,
  -2.302776;48.043466;1.978995;,
  -2.617147;46.715331;2.784945;,
  -2.843182;45.601808;3.638627;,
  -3.136999;43.392326;4.715221;,
  2.679260;40.842362;-3.162765;,
  4.279252;40.015645;-4.083190;,
  2.951325;39.343056;-3.459708;,
  -1.064759;39.588496;-2.107374;,
  -1.698146;40.205024;-2.638049;,
  -1.297471;40.453683;-2.551577;,
  -0.000053;40.342141;-2.673733;,
