xof 0303txt 0032
template ColorRGBA {
 <35ff44e0-6c7c-11cf-8f52-0040333594a3>
 FLOAT red;
 FLOAT green;
 FLOAT blue;
 FLOAT alpha;
}

template ColorRGB {
 <d3e16e81-7835-11cf-8f52-0040333594a3>
 FLOAT red;
 FLOAT green;
 FLOAT blue;
}

template Material {
 <3d82ab4d-62da-11cf-ab39-0020af71e433>
 ColorRGBA faceColor;
 FLOAT power;
 ColorRGB specularColor;
 ColorRGB emissiveColor;
 [...]
}

template TextureFilename {
 <a42790e1-7810-11cf-8f52-0040333594a3>
 STRING filename;
}

template Frame {
 <3d82ab46-62da-11cf-ab39-0020af71e433>
 [...]
}

template Matrix4x4 {
 <f6f23f45-7686-11cf-8f52-0040333594a3>
 array FLOAT matrix[16];
}

template FrameTransformMatrix {
 <f6f23f41-7686-11cf-8f52-0040333594a3>
 Matrix4x4 frameMatrix;
}

template Vector {
 <3d82ab5e-62da-11cf-ab39-0020af71e433>
 FLOAT x;
 FLOAT y;
 FLOAT z;
}

template MeshFace {
 <3d82ab5f-62da-11cf-ab39-0020af71e433>
 DWORD nFaceVertexIndices;
 array DWORD faceVertexIndices[nFaceVertexIndices];
}

template Mesh {
 <3d82ab44-62da-11cf-ab39-0020af71e433>
 DWORD nVertices;
 array Vector vertices[nVertices];
 DWORD nFaces;
 array MeshFace faces[nFaces];
 [...]
}

template MeshMaterialList {
 <f6f23f42-7686-11cf-8f52-0040333594a3>
 DWORD nMaterials;
 DWORD nFaceIndexes;
 array DWORD faceIndexes[nFaceIndexes];
 [Material <3d82ab4d-62da-11cf-ab39-0020af71e433>]
}

template VertexElement {
 <f752461c-1e23-48f6-b9f8-8350850f336f>
 DWORD Type;
 DWORD Method;
 DWORD Usage;
 DWORD UsageIndex;
}

template DeclData {
 <bf22e553-292c-4781-9fea-62bd554bdd93>
 DWORD nElements;
 array VertexElement Elements[nElements];
 DWORD nDWords;
 array DWORD data[nDWords];
}

template XSkinMeshHeader {
 <3cf169ce-ff7c-44ab-93c0-f78f62d172e2>
 WORD nMaxSkinWeightsPerVertex;
 WORD nMaxSkinWeightsPerFace;
 WORD nBones;
}

template SkinWeights {
 <6f0d123b-bad2-4167-a0d0-80224f25fabb>
 STRING transformNodeName;
 DWORD nWeights;
 array DWORD vertexIndices[nWeights];
 array FLOAT weights[nWeights];
 Matrix4x4 matrixOffset;
}

template AnimTicksPerSecond {
 <9e415a43-7ba6-4a73-8743-b73d47e88476>
 DWORD AnimTicksPerSecond;
}

template Animation {
 <3d82ab4f-62da-11cf-ab39-0020af71e433>
 [...]
}

template AnimationSet {
 <3d82ab50-62da-11cf-ab39-0020af71e433>
 [Animation <3d82ab4f-62da-11cf-ab39-0020af71e433>]
}

template FloatKeys {
 <10dd46a9-775b-11cf-8f52-0040333594a3>
 DWORD nValues;
 array FLOAT values[nValues];
}

template TimedFloatKeys {
 <f406b180-7b3b-11cf-8f52-0040333594a3>
 DWORD time;
 FloatKeys tfkeys;
}

template AnimationKey {
 <10dd46a8-775b-11cf-8f52-0040333594a3>
 DWORD keyType;
 DWORD nKeys;
 array TimedFloatKeys keys[nKeys];
}


Material Material__37 {
 1.000000;1.000000;1.000000;1.000000;;
 10.000000;
 0.000000;0.000000;0.000000;;
 0.000000;0.000000;0.000000;;

 TextureFilename {
  "npc_ti_hair.bmp";
 }
}

Material Material__38 {
 1.000000;1.000000;1.000000;1.000000;;
 10.000000;
 0.000000;0.000000;0.000000;;
 0.000000;0.000000;0.000000;;

 TextureFilename {
  "npc_ti_cloth01.bmp";
 }
}

Material Material__39 {
 1.000000;1.000000;1.000000;1.000000;;
 10.000000;
 0.000000;0.000000;0.000000;;
 0.000000;0.000000;0.000000;;

 TextureFilename {
  "npc_ti_cloth02.bmp";
 }
}

Material Material__40 {
 1.000000;1.000000;1.000000;1.000000;;
 10.000000;
 0.000000;0.000000;0.000000;;
 0.000000;0.000000;0.000000;;

 TextureFilename {
  "npc_ti_skin_face.bmp";
 }
}

Material Material__41 {
 1.000000;1.000000;1.000000;1.000000;;
 10.000000;
 0.000000;0.000000;0.000000;;
 0.000000;0.000000;0.000000;;

 TextureFilename {
  "npc_ti_teeth.bmp";
 }
}

Material Material__42 {
 1.000000;1.000000;1.000000;1.000000;;
 10.000000;
 0.000000;0.000000;0.000000;;
 0.000000;0.000000;0.000000;;

 TextureFilename {
  "npc_ti_eyelash.bmp";
 }
}

Material Material__43 {
 1.000000;1.000000;1.000000;1.000000;;
 10.000000;
 0.000000;0.000000;0.000000;;
 0.000000;0.000000;0.000000;;

 TextureFilename {
  "npc_ti_skin_body.bmp";
 }
}

Material Material__44 {
 1.000000;1.000000;1.000000;1.000000;;
 10.000000;
 0.000000;0.000000;0.000000;;
 0.000000;0.000000;0.000000;;

 TextureFilename {
  "npc_ti_eyeball_l.bmp";
 }
}

Material Material__45 {
 1.000000;1.000000;1.000000;1.000000;;
 10.000000;
 0.000000;0.000000;0.000000;;
 0.000000;0.000000;0.000000;;

 TextureFilename {
  "npc_ti_eyeball_r.bmp";
 }
}

Material Material__46 {
 1.000000;1.000000;1.000000;1.000000;;
 10.000000;
 0.000000;0.000000;0.000000;;
 0.000000;0.000000;0.000000;;

 TextureFilename {
  "npc_ti_hair02.bmp";
 }
}

Material Material__47 {
 1.000000;1.000000;1.000000;1.000000;;
 10.000000;
 0.000000;0.000000;0.000000;;
 0.000000;0.000000;0.000000;;

 TextureFilename {
  "npc_ti_cloth03.bmp";
 }
}

Material Material__48 {
 1.000000;1.000000;1.000000;1.000000;;
 10.000000;
 0.000000;0.000000;0.000000;;
 0.000000;0.000000;0.000000;;

 TextureFilename {
  "npc_ti_cloth05.bmp";
 }
}

Frame ValveBiped_Bip01 {
 

 FrameTransformMatrix {
  0.000001,0.000000,-1.000000,0.000000,0.000000,1.000000,0.000000,0.000000,1.000000,0.000000,0.000001,0.000000,0.000000,38.746246,0.000000,1.000000;;
 }

 Frame ValveBiped_Bip01_Pelvis {
  

  FrameTransformMatrix {
   -0.000000,1.000000,0.000000,0.000000,-0.000001,-0.000000,1.000000,0.000000,1.000000,0.000000,0.000001,0.000000,0.000000,0.000000,0.000000,1.000000;;
  }

  Frame ValveBiped_Bip01_Spine {
   

   FrameTransformMatrix {
    0.995088,0.000001,0.098994,0.000000,-0.000001,1.000000,0.000004,0.000000,-0.098994,-0.000004,0.995088,0.000000,3.190651,0.000004,-0.002421,1.000000;;
   }

   Frame ValveBiped_Bip01_Spine1 {
    

    FrameTransformMatrix {
     0.997670,0.000000,-0.068225,0.000000,0.000000,1.000000,-0.000000,0.000000,0.068225,-0.000000,0.997670,0.000000,3.057510,0.000000,-0.003200,1.000000;;
    }

    Frame ValveBiped_Bip01_Spine2 {
     

     FrameTransformMatrix {
      0.995248,0.000000,-0.097376,0.000000,0.000000,1.000000,-0.000000,0.000000,0.097376,-0.000000,0.995248,0.000000,4.029690,0.000000,-0.004029,1.000000;;
     }

     Frame ValveBiped_Bip01_Spine4 {
      

      FrameTransformMatrix {
       0.999697,0.000000,0.024617,0.000000,-0.000000,1.000000,-0.000000,0.000000,-0.024617,0.000000,0.999697,0.000000,5.083801,-0.000000,-0.001859,1.000000;;
      }

      Frame ValveBiped_Bip01_Neck1 {
       

       FrameTransformMatrix {
        0.986945,-0.000000,0.161055,0.000000,0.000000,1.000000,-0.000000,0.000000,-0.161055,0.000000,0.986945,0.000000,2.468945,0.000000,-1.375507,1.000000;;
       }

       Frame ValveBiped_Bip01_Head1 {
        

        FrameTransformMatrix {
         0.999918,0.000000,0.012791,0.000000,0.000000,1.000000,0.000000,0.000000,-0.012791,-0.000000,0.999918,0.000000,2.428055,-0.000000,-0.000002,1.000000;;
        }

        Frame Jiggle_Hair_F_1 {
         

         FrameTransformMatrix {
          -0.582415,0.633026,0.509971,0.000000,0.783006,0.268330,0.561160,0.000000,0.218388,0.726139,-0.651943,0.000000,6.913807,-0.240588,2.264323,1.000000;;
         }
        }

        Frame ValveBiped_Anim_Attachment_CAM {
         

         FrameTransformMatrix {
          0.066774,0.000001,0.997768,0.000000,-0.000001,-1.000000,0.000001,0.000000,0.997768,-0.000001,-0.066774,0.000000,3.703285,0.000004,4.441914,1.000000;;
         }
        }

        Frame Jiggle_Hair_B_11 {
         

         FrameTransformMatrix {
          -0.995816,-0.000000,-0.091379,0.000000,-0.000000,-1.000000,0.000002,0.000000,-0.091379,0.000002,0.995816,0.000000,1.069359,-0.000008,-2.209047,1.000000;;
         }

         Frame Jiggle_Hair_B_12 {
          

          FrameTransformMatrix {
           0.999944,0.000000,0.010544,0.000000,0.000000,1.000000,-0.000000,0.000000,-0.010544,0.000000,0.999944,0.000000,5.234135,-0.000000,-0.000002,1.000000;;
          }

          Frame Jiggle_Hair_B_13 {
           

           FrameTransformMatrix {
            0.999312,-0.000000,-0.037085,0.000000,0.000000,1.000000,-0.000000,0.000000,0.037085,0.000000,0.999312,0.000000,4.726174,0.000000,-0.000006,1.000000;;
           }

           Frame Jiggle_Hair_B_14 {
            

            FrameTransformMatrix {
             0.999877,0.000000,0.015672,0.000000,0.000000,1.000000,-0.000000,0.000000,-0.015672,0.000000,0.999877,0.000000,5.601307,0.000000,0.000004,1.000000;;
            }
           }
          }
         }
        }

        Frame Jiggle_Hair_R_1 {
         

         FrameTransformMatrix {
          -0.995348,0.000001,0.096348,0.000000,-0.000001,-1.000000,0.000002,0.000000,0.096348,0.000002,0.995348,0.000000,4.252945,-2.888359,1.050518,1.000000;;
         }

         Frame Jiggle_Hair_R_2 {
          

          FrameTransformMatrix {
           0.993782,0.000000,0.111348,0.000000,0.000000,1.000000,-0.000000,0.000000,-0.111348,0.000000,0.993782,0.000000,3.587597,0.000000,-0.000023,1.000000;;
          }
         }
        }

        Frame Jiggle_Hair_L_1 {
         

         FrameTransformMatrix {
          -0.995348,0.000001,0.096348,0.000000,-0.000001,-1.000000,0.000002,0.000000,0.096348,0.000002,0.995348,0.000000,4.252949,2.817802,1.050508,1.000000;;
         }

         Frame Jiggle_Hair_L_2 {
          

          FrameTransformMatrix {
           0.993782,0.000000,0.111348,0.000000,0.000000,1.000000,-0.000000,0.000000,-0.111348,0.000000,0.993782,0.000000,3.587597,0.000000,-0.000023,1.000000;;
          }
         }
        }

        Frame Jiggle_Hair_B_21 {
         

         FrameTransformMatrix {
          -0.987805,-0.000000,-0.155695,0.000000,-0.000000,-1.000000,0.000002,0.000000,-0.155695,0.000002,0.987805,0.000000,0.751370,-0.000004,-3.138206,1.000000;;
         }

         Frame Jiggle_Hair_B_22 {
          

          FrameTransformMatrix {
           0.999948,0.000000,-0.010181,0.000000,0.000000,1.000000,-0.000000,0.000000,0.010181,0.000000,0.999948,0.000000,5.259254,0.000000,-0.000006,1.000000;;
          }

          Frame Jiggle_Hair_B_23 {
           

           FrameTransformMatrix {
            0.997289,-0.000000,-0.073581,0.000000,0.000000,1.000000,0.000000,0.000000,0.073581,-0.000000,0.997289,0.000000,4.947270,0.000000,0.000000,1.000000;;
           }
          }
         }
        }

        Frame Jiggle_Hair_SR_1 {
         

         FrameTransformMatrix {
          -0.963137,-0.134580,-0.232929,0.000000,0.143212,-0.989480,-0.020469,0.000000,-0.227724,-0.053073,0.972279,0.000000,2.852081,-2.766213,-0.600312,1.000000;;
         }

         Frame Jiggle_Hair_SR_2 {
          

          FrameTransformMatrix {
           0.996230,0.000000,0.086754,0.000000,-0.000000,1.000000,0.000000,0.000000,-0.086754,-0.000000,0.996229,0.000000,3.389614,0.000002,-0.000240,1.000000;;
          }

          Frame Jiggle_Hair_SR_3 {
           

           FrameTransformMatrix {
            0.999876,-0.000000,0.015711,0.000000,0.000000,1.000000,-0.000000,0.000000,-0.015711,0.000000,0.999876,0.000000,5.713016,-0.000001,-0.000002,1.000000;;
           }

           Frame Jiggle_Hair_SR_4 {
            

            FrameTransformMatrix {
             0.999099,-0.000000,0.042456,0.000000,0.000000,1.000000,-0.000000,0.000000,-0.042456,0.000000,0.999099,0.000000,4.248947,0.000000,-0.000004,1.000000;;
            }
           }
          }
         }
        }

        Frame Jiggle_Hair_SL_1 {
         

         FrameTransformMatrix {
          -0.960133,0.153895,-0.233366,0.000000,-0.163654,-0.986251,0.022930,0.000000,-0.226629,0.060207,0.972119,0.000000,2.852081,2.588191,-0.600320,1.000000;;
         }

         Frame Jiggle_Hair_SL_2 {
          

          FrameTransformMatrix {
           0.996230,0.000000,0.086754,0.000000,-0.000000,1.000000,-0.000000,0.000000,-0.086754,0.000000,0.996230,0.000000,3.389610,-0.000005,-0.000242,1.000000;;
          }

          Frame Jiggle_Hair_SL_3 {
           

           FrameTransformMatrix {
            0.999877,0.000000,0.015711,0.000000,0.000000,1.000000,-0.000000,0.000000,-0.015711,0.000000,0.999877,0.000000,5.713020,0.000002,-0.000008,1.000000;;
           }

           Frame Jiggle_Hair_SL_4 {
            

            FrameTransformMatrix {
             0.999098,0.000000,0.042456,0.000000,-0.000000,1.000000,0.000000,0.000000,-0.042456,-0.000000,0.999098,0.000000,4.248943,0.000002,0.000002,1.000000;;
            }
           }
          }
         }
        }
       }

       Frame ValveBiped_Bip01_L_Clavicle {
        

        FrameTransformMatrix {
         -0.341975,0.933240,-0.110077,0.000000,0.926091,0.314829,-0.207937,0.000000,-0.159400,-0.173050,-0.971929,0.000000,-0.309010,1.260367,0.592760,1.000000;;
        }

        Frame ValveBiped_Bip01_L_UpperArm {
         

         FrameTransformMatrix {
          0.895837,-0.437109,-0.080075,0.000000,0.412380,0.884858,-0.216724,0.000000,0.165587,0.161128,0.972943,0.000000,3.739262,-0.000004,0.000000,1.000000;;
         }

         Frame ValveBiped_Bip01_L_Forearm {
          

          FrameTransformMatrix {
           0.999998,-0.000000,-0.002368,0.000000,-0.000000,1.000000,-0.000000,0.000000,0.002368,-0.000000,0.999997,0.000000,9.557670,0.000015,0.000000,1.000000;;
          }

          Frame ValveBiped_Bip01_L_Hand {
           

           FrameTransformMatrix {
            0.999975,-0.000000,0.007110,0.000000,-0.007110,0.000796,0.999975,0.000000,-0.000006,-1.000000,0.000796,0.000000,9.807959,-0.000008,0.000000,1.000000;;
           }

           Frame ValveBiped_Bip01_L_Finger0 {
            

            FrameTransformMatrix {
             0.671192,-0.735926,0.088962,0.000000,0.403341,0.261874,-0.876777,0.000000,0.621946,0.624368,0.472597,0.000000,0.381053,-0.581155,0.148846,1.000000;;
            }

            Frame ValveBiped_Bip01_L_Finger01 {
             

             FrameTransformMatrix {
              0.998148,0.000000,0.060827,0.000000,0.000000,1.000000,-0.000000,0.000000,-0.060828,0.000000,0.998148,0.000000,1.429124,-0.000008,0.000004,1.000000;;
             }

             Frame ValveBiped_Bip01_L_Finger02 {
              

              FrameTransformMatrix {
               0.992002,-0.000000,-0.126226,0.000000,0.000000,1.000000,0.000000,0.000000,0.126226,-0.000000,0.992002,0.000000,0.883604,0.000004,-0.000004,1.000000;;
              }
             }
            }
           }

           Frame ValveBiped_Bip01_L_Finger1 {
            

            FrameTransformMatrix {
             0.972492,-0.232353,-0.016453,0.000000,0.231530,0.971959,-0.041107,0.000000,0.025543,0.036167,0.999019,0.000000,2.773700,-0.669180,-0.236053,1.000000;;
            }

            Frame ValveBiped_Bip01_L_Finger11 {
             

             FrameTransformMatrix {
              1.000000,0.000000,-0.000000,0.000000,-0.000000,1.000000,-0.000000,0.000000,-0.000000,-0.000000,1.000000,0.000000,1.157819,-0.000000,0.000000,1.000000;;
             }

             Frame ValveBiped_Bip01_L_Finger12 {
              

              FrameTransformMatrix {
               1.000000,-0.000000,-0.000000,0.000000,0.000000,1.000000,-0.000000,0.000000,0.000000,0.000000,1.000000,0.000000,0.818623,-0.000001,0.000011,1.000000;;
              }
             }
            }
           }

           Frame ValveBiped_Bip01_L_Finger2 {
            

            FrameTransformMatrix {
             0.998617,0.052546,0.001566,0.000000,-0.052561,0.997523,0.046736,0.000000,0.000894,-0.046754,0.998906,0.000000,2.817000,0.023980,-0.256649,1.000000;;
            }

            Frame ValveBiped_Bip01_L_Finger21 {
             

             FrameTransformMatrix {
              1.000000,-0.000000,-0.000000,0.000000,0.000000,1.000000,0.000000,0.000000,0.000000,0.000000,1.000000,0.000000,1.263892,-0.000000,-0.000004,1.000000;;
             }

             Frame ValveBiped_Bip01_L_Finger22 {
              

              FrameTransformMatrix {
               1.000000,0.000000,0.000000,0.000000,-0.000000,1.000000,0.000000,0.000000,-0.000000,-0.000000,1.000000,0.000000,0.818459,0.000001,0.000000,1.000000;;
              }
             }
            }
           }

           Frame ValveBiped_Bip01_L_Finger3 {
            

            FrameTransformMatrix {
             0.936642,0.348934,0.030760,0.000000,-0.348254,0.918161,0.188943,0.000000,0.037686,-0.187685,0.981506,0.000000,2.695765,0.606823,-0.183491,1.000000;;
            }

            Frame ValveBiped_Bip01_L_Finger31 {
             

             FrameTransformMatrix {
              1.000000,0.000000,-0.000000,0.000000,-0.000000,1.000000,0.000000,0.000000,0.000000,-0.000000,1.000000,0.000000,1.042334,-0.000001,0.000000,1.000000;;
             }

             Frame ValveBiped_Bip01_L_Finger32 {
              

              FrameTransformMatrix {
               1.000000,0.000000,0.000000,0.000000,-0.000000,1.000000,-0.000000,0.000000,-0.000000,0.000000,1.000000,0.000000,0.776209,0.000001,-0.000004,1.000000;;
              }
             }
            }
           }

           Frame ValveBiped_Bip01_L_Finger4 {
            

            FrameTransformMatrix {
             0.803880,0.591384,0.063581,0.000000,-0.572888,0.741096,0.350110,0.000000,0.159930,-0.317872,0.934548,0.000000,2.336846,1.107023,0.049774,1.000000;;
            }

            Frame ValveBiped_Bip01_L_Finger41 {
             

             FrameTransformMatrix {
              1.000000,0.000000,0.000000,0.000000,-0.000000,1.000000,0.000000,0.000000,-0.000000,-0.000000,1.000000,0.000000,0.766019,0.000000,0.000004,1.000000;;
             }

             Frame ValveBiped_Bip01_L_Finger42 {
              

              FrameTransformMatrix {
               1.000000,0.000000,0.000000,0.000000,-0.000000,1.000000,-0.000000,0.000000,0.000000,0.000000,1.000000,0.000000,0.597766,0.000001,0.000000,1.000000;;
              }
             }
            }
           }
          }
         }

         Frame ValveBiped_Bip01_L_Shoulder01 {
          

          FrameTransformMatrix {
           1.000000,0.000000,-0.000000,0.000000,-0.000000,0.997722,0.067461,0.000000,0.000000,-0.067461,0.997722,0.000000,0.000011,0.000004,0.000000,1.000000;;
          }

          Frame ValveBiped_Bip01_L_UpperArm01 {
           

           FrameTransformMatrix {
            1.000000,0.000000,0.000000,0.000000,0.000000,0.999479,-0.032282,0.000000,-0.000000,0.032282,0.999479,0.000000,3.541119,0.000004,0.000002,1.000000;;
           }
          }
         }

         Frame ValveBiped_Bip01_L_ForeTwist {
          

          FrameTransformMatrix {
           0.999998,0.000000,-0.002368,0.000000,-0.000001,1.000000,-0.000265,0.000000,0.002368,0.000265,0.999997,0.000000,9.557670,0.000015,0.000000,1.000000;;
          }

          Frame ValveBiped_Bip01_L_ForeTwist1 {
           

           FrameTransformMatrix {
            1.000000,0.000000,-0.000000,0.000000,0.000000,1.000000,-0.000265,0.000000,0.000000,0.000265,1.000000,0.000000,4.903978,0.000000,0.000000,1.000000;;
           }
          }
         }
        }
       }

       Frame ValveBiped_Bip01_R_Clavicle {
        

        FrameTransformMatrix {
         -0.341975,-0.933240,-0.110072,0.000000,-0.926091,0.314830,0.207935,0.000000,-0.159400,0.173045,-0.971930,0.000000,-0.309017,-1.260371,0.592767,1.000000;;
        }

        Frame ValveBiped_Bip01_R_UpperArm {
         

         FrameTransformMatrix {
          0.895837,0.437109,-0.080075,0.000000,-0.412380,0.884858,0.216724,0.000000,0.165587,-0.161128,0.972943,0.000000,3.739252,-0.000004,-0.000000,1.000000;;
         }

         Frame ValveBiped_Bip01_R_Forearm {
          

          FrameTransformMatrix {
           0.999997,-0.000000,-0.002367,0.000000,-0.000000,1.000000,0.000000,0.000000,0.002367,-0.000000,0.999997,0.000000,9.557661,-0.000015,0.000000,1.000000;;
          }

          Frame ValveBiped_Bip01_R_Hand {
           

           FrameTransformMatrix {
            0.999975,0.000000,0.007110,0.000000,0.007110,0.000796,-0.999975,0.000000,-0.000006,1.000000,0.000796,0.000000,9.807966,0.000004,0.000000,1.000000;;
           }

           Frame ValveBiped_Bip01_R_Finger0 {
            

            FrameTransformMatrix {
             0.671192,0.735926,0.088962,0.000000,-0.403342,0.261875,0.876776,0.000000,0.621945,-0.624368,0.472598,0.000000,0.381051,0.581155,0.148842,1.000000;;
            }

            Frame ValveBiped_Bip01_R_Finger01 {
             

             FrameTransformMatrix {
              0.998149,-0.000000,0.060827,0.000000,-0.000000,1.000000,-0.000000,0.000000,-0.060827,0.000000,0.998148,0.000000,1.429120,-0.000002,0.000000,1.000000;;
             }

             Frame ValveBiped_Bip01_R_Finger02 {
              

              FrameTransformMatrix {
               0.992002,0.000000,-0.126226,0.000000,0.000000,1.000000,-0.000000,0.000000,0.126225,0.000000,0.992002,0.000000,0.883612,-0.000004,0.000004,1.000000;;
              }
             }
            }
           }

           Frame ValveBiped_Bip01_R_Finger1 {
            

            FrameTransformMatrix {
             0.972492,0.232353,-0.016454,0.000000,-0.231530,0.971959,0.041107,0.000000,0.025544,-0.036167,0.999019,0.000000,2.773685,0.669178,-0.236057,1.000000;;
            }

            Frame ValveBiped_Bip01_R_Finger11 {
             

             FrameTransformMatrix {
              1.000000,-0.000000,0.000000,0.000000,0.000000,1.000000,-0.000000,0.000000,-0.000000,0.000000,1.000000,0.000000,1.157822,0.000001,0.000000,1.000000;;
             }

             Frame ValveBiped_Bip01_R_Finger12 {
              

              FrameTransformMatrix {
               1.000000,0.000000,0.000000,0.000000,0.000000,1.000000,-0.000000,0.000000,-0.000000,-0.000000,1.000000,0.000000,0.818617,-0.000001,0.000008,1.000000;;
              }
             }
            }
           }

           Frame ValveBiped_Bip01_R_Finger2 {
            

            FrameTransformMatrix {
             0.998617,-0.052546,0.001566,0.000000,0.052562,0.997523,-0.046737,0.000000,0.000894,0.046754,0.998906,0.000000,2.816995,-0.023982,-0.256645,1.000000;;
            }

            Frame ValveBiped_Bip01_R_Finger21 {
             

             FrameTransformMatrix {
              1.000000,0.000000,-0.000000,0.000000,-0.000000,1.000000,0.000000,0.000000,0.000000,-0.000000,1.000000,0.000000,1.263899,0.000000,0.000004,1.000000;;
             }

             Frame ValveBiped_Bip01_R_Finger22 {
              

              FrameTransformMatrix {
               1.000000,-0.000000,0.000000,0.000000,0.000000,1.000000,0.000000,0.000000,-0.000000,0.000000,1.000000,0.000000,0.818459,-0.000000,-0.000008,1.000000;;
              }
             }
            }
           }

           Frame ValveBiped_Bip01_R_Finger3 {
            

            FrameTransformMatrix {
             0.936642,-0.348934,0.030760,0.000000,0.348254,0.918161,-0.188944,0.000000,0.037686,0.187685,0.981506,0.000000,2.695758,-0.606824,-0.183506,1.000000;;
            }

            Frame ValveBiped_Bip01_R_Finger31 {
             

             FrameTransformMatrix {
              1.000000,-0.000000,0.000000,0.000000,0.000000,1.000000,-0.000000,0.000000,0.000000,0.000000,1.000000,0.000000,1.042338,0.000000,0.000000,1.000000;;
             }

             Frame ValveBiped_Bip01_R_Finger32 {
              

              FrameTransformMatrix {
               1.000000,-0.000000,-0.000000,0.000000,0.000000,1.000000,-0.000000,0.000000,-0.000000,0.000000,1.000000,0.000000,0.776202,-0.000001,0.000008,1.000000;;
              }
             }
            }
           }

           Frame ValveBiped_Bip01_R_Finger4 {
            

            FrameTransformMatrix {
             0.803879,-0.591384,0.063581,0.000000,0.572887,0.741096,-0.350110,0.000000,0.159930,0.317871,0.934548,0.000000,2.336843,-1.107022,0.049767,1.000000;;
            }

            Frame ValveBiped_Bip01_R_Finger41 {
             

             FrameTransformMatrix {
              1.000000,0.000000,0.000000,0.000000,-0.000000,1.000000,0.000000,0.000000,-0.000000,0.000000,1.000000,0.000000,0.766027,0.000002,0.000004,1.000000;;
             }

             Frame ValveBiped_Bip01_R_Finger42 {
              

              FrameTransformMatrix {
               1.000000,0.000000,0.000000,0.000000,-0.000000,1.000000,0.000000,0.000000,-0.000000,0.000000,1.000000,0.000000,0.597766,-0.000001,0.000000,1.000000;;
              }
             }
            }
           }

           Frame ValveBiped_Anim_Attachment_RH {
            

            FrameTransformMatrix {
             0.263856,0.964313,-0.021925,0.000000,-0.961391,0.264762,0.075014,0.000000,0.078141,0.001285,0.996941,0.000000,2.689359,-0.215702,0.725548,1.000000;;
            }
           }
          }
         }

         Frame ValveBiped_Bip01_R_Shoulder01 {
          

          FrameTransformMatrix {
           1.000000,-0.000000,0.000000,0.000000,-0.000000,0.997784,-0.066540,0.000000,0.000000,0.066540,0.997784,0.000000,0.000004,-0.000004,0.000000,1.000000;;
          }

          Frame ValveBiped_Bip01_R_UpperArm01 {
           

           FrameTransformMatrix {
            1.000000,0.000000,0.000000,0.000000,-0.000000,0.999493,0.031842,0.000000,0.000000,-0.031842,0.999493,0.000000,3.558451,-0.000004,-0.000000,1.000000;;
           }
          }
         }

         Frame ValveBiped_Bip01_R_ForeTwist {
          

          FrameTransformMatrix {
           0.999997,0.000000,-0.002367,0.000000,0.000001,1.000000,0.000265,0.000000,0.002367,-0.000265,0.999997,0.000000,9.557661,-0.000015,0.000000,1.000000;;
          }

          Frame ValveBiped_Bip01_R_ForeTwist1 {
           

           FrameTransformMatrix {
            1.000000,-0.000000,0.000000,0.000000,0.000000,1.000000,0.000265,0.000000,-0.000000,-0.000265,1.000000,0.000000,4.903986,-0.000004,0.000000,1.000000;;
           }
          }
         }
        }
       }
      }
     }

     Frame jiggle_Rbust_1 {
      

      FrameTransformMatrix {
       0.095137,0.000001,0.995464,0.000000,-0.000001,-1.000000,0.000001,0.000000,0.995464,-0.000001,-0.095137,0.000000,2.114719,-2.705509,-1.892776,1.000000;;
      }

      Frame jiggle_Rbust_2 {
       

       FrameTransformMatrix {
        0.995017,-0.032295,-0.094330,0.000000,0.032250,0.999478,-0.002006,0.000000,0.094346,-0.001047,0.995539,0.000000,2.686732,-0.000000,0.000008,1.000000;;
       }
      }
     }

     Frame jiggle_Lbust_1 {
      

      FrameTransformMatrix {
       0.095137,0.000001,0.995464,0.000000,-0.000001,-1.000000,0.000001,0.000000,0.995464,-0.000001,-0.095137,0.000000,2.114708,2.705570,-1.892784,1.000000;;
      }

      Frame jiggle_Lbust_2 {
       

       FrameTransformMatrix {
        0.996346,0.028379,-0.080558,0.000000,-0.028004,0.999591,0.005778,0.000000,0.080689,-0.003500,0.996733,0.000000,2.686731,-0.000000,-0.000004,1.000000;;
       }
      }
     }
    }
   }

   Frame ValveBiped_Bip01_L_Thigh {
    

    FrameTransformMatrix {
     -0.992257,0.063110,0.106974,0.000000,-0.063232,-0.997996,0.002258,0.000000,0.106902,-0.004524,0.994259,0.000000,-3.174721,3.213961,0.318257,1.000000;;
    }

    Frame ValveBiped_Bip01_L_Calf {
     

     FrameTransformMatrix {
      0.995518,0.000000,-0.094575,0.000000,0.000000,1.000000,0.000000,0.000000,0.094576,0.000000,0.995518,0.000000,16.721470,0.000001,0.000000,1.000000;;
     }

     Frame ValveBiped_Bip01_L_Foot {
      

      FrameTransformMatrix {
       0.994252,0.063145,0.086468,0.000000,-0.064698,0.997788,0.015276,0.000000,-0.085312,-0.020783,0.996138,0.000000,17.972672,0.000001,0.000000,1.000000;;
      }

      Frame ValveBiped_Bip01_L_Toe0 {
       

       FrameTransformMatrix {
        0.000000,-0.000000,1.000000,0.000000,0.000000,1.000000,0.000000,0.000000,-1.000000,-0.000000,0.000000,0.000000,4.199203,0.000002,4.826136,1.000000;;
       }
      }
     }

     Frame ValveBiped_Bip01_Jiggle_skirt_LF {
      

      FrameTransformMatrix {
       0.995585,0.063205,0.069399,0.000000,0.063256,-0.997996,0.001465,0.000000,0.069352,0.002932,-0.997588,0.000000,0.292141,0.042365,2.587917,1.000000;;
      }
     }

     Frame ValveBiped_Bip01_Jiggle_skirt_LB {
      

      FrameTransformMatrix {
       0.997547,0.063271,0.029965,0.000000,0.063255,-0.997996,0.001465,0.000000,0.029998,0.000434,-0.999550,0.000000,0.695768,0.059178,-3.383790,1.000000;;
      }
     }
    }
   }

   Frame ValveBiped_Bip01_R_Thigh {
    

    FrameTransformMatrix {
     -0.992257,-0.063111,0.106974,0.000000,0.063233,-0.997996,-0.002253,0.000000,0.106902,0.004529,0.994259,0.000000,-3.174728,-3.213959,0.318275,1.000000;;
    }

    Frame ValveBiped_Bip01_R_Calf {
     

     FrameTransformMatrix {
      0.995518,-0.000000,-0.094575,0.000000,0.000000,1.000000,-0.000000,0.000000,0.094575,0.000000,0.995518,0.000000,16.721485,-0.000000,-0.000000,1.000000;;
     }

     Frame ValveBiped_Bip01_R_Foot {
      

      FrameTransformMatrix {
       0.994252,-0.063145,0.086468,0.000000,0.064698,0.997788,-0.015276,0.000000,-0.085312,0.020783,0.996138,0.000000,17.972675,-0.000001,-0.000000,1.000000;;
      }

      Frame ValveBiped_Bip01_R_Toe0 {
       

       FrameTransformMatrix {
        0.000000,-0.000000,1.000000,0.000000,0.000000,1.000000,0.000000,0.000000,-1.000000,-0.000000,0.000000,0.000000,4.199205,0.000000,4.826138,1.000000;;
       }
      }
     }

     Frame ValveBiped_Bip01_Jiggle_skirt_RF {
      

      FrameTransformMatrix {
       0.995585,-0.063205,0.069399,0.000000,-0.063256,-0.997996,-0.001461,0.000000,0.069352,-0.002935,-0.997588,0.000000,0.272242,-0.356207,2.587445,1.000000;;
      }
     }

     Frame ValveBiped_Bip01_Jiggle_skirt_RB {
      

      FrameTransformMatrix {
       0.997547,-0.063272,0.029965,0.000000,-0.063256,-0.997996,-0.001461,0.000000,0.029998,-0.000438,-0.999550,0.000000,0.675880,-0.373040,-3.384263,1.000000;;
      }
     }
    }
   }
  }
 }
}

Frame SMDImport {
 

 FrameTransformMatrix {
  1.000000,0.000000,0.000000,0.000000,0.000000,1.000000,0.000000,0.000000,0.000000,0.000000,1.000000,0.000000,0.000000,0.000000,0.000000,1.000000;;
 }

 Mesh SMDImport {
  9904;
  2.762089;62.641024;-0.353583;,
  2.502490;62.317626;-0.880383;,
  2.448890;63.212819;-1.150483;,
  -2.446011;64.267622;-1.804483;,
  -1.532411;64.285126;-2.183183;,
  -1.947810;63.636422;-1.851683;,
  -2.880310;63.474726;-1.103484;,
  -2.269610;62.684122;-1.417984;,
  -2.907411;63.010720;-0.666784;,
  -2.619611;62.574221;-0.690384;,
  2.644589;63.311123;-0.939082;,
  2.976189;62.176326;-0.589983;,
  2.642989;62.581126;-0.990883;,
  -2.443911;62.614624;-1.575085;,
  -2.889410;63.219520;-1.108784;,
  -2.441810;63.330822;-1.597483;,
  -2.523010;62.317626;-0.880385;,
  -2.782610;62.641024;-0.353584;,
  -2.469410;63.212819;-1.150484;,
  1.573689;59.626925;3.799015;,
  2.560390;60.813523;2.940615;,
  1.665689;60.280122;3.789415;,
  1.574889;58.902330;3.924015;,
  2.532589;59.485530;3.232715;,
  2.851490;60.744026;2.488016;,
  2.862489;61.297926;2.391616;,
  3.031790;60.655328;1.841916;,
  3.027189;59.348032;2.663616;,
  3.112790;59.194624;1.988916;,
  3.109390;58.311526;2.861516;,
  3.310391;58.042426;2.199916;,
  3.413992;57.344934;2.428617;,
  3.206992;57.312032;2.016517;,
  3.520092;56.605536;2.518018;,
  3.026092;57.384934;1.914417;,
  3.083791;58.002829;1.713815;,
  2.812291;57.995629;1.575716;,
  2.989191;59.120224;1.429516;,
  2.659290;59.139232;1.204016;,
  2.954790;60.559027;1.263316;,
  3.264491;57.589434;3.049217;,
  2.576490;58.656819;3.441016;,
  2.606890;57.819130;3.694616;,
  2.745090;56.584237;4.157317;,
  3.385392;56.461530;3.390418;,
  3.571792;56.222528;2.772118;,
  3.756192;55.129728;3.272518;,
  2.711690;60.639021;0.940516;,
  2.742789;61.584826;0.793716;,
  3.081089;61.841120;0.989416;,
  3.114989;62.104826;1.392817;,
  3.107989;61.783923;1.742617;,
  4.276592;50.362934;5.478518;,
  4.784893;49.063734;4.833918;,
  4.578693;50.252838;4.560819;,
  4.087594;51.528237;5.166819;,
  4.372594;51.441834;4.287818;,
  3.904592;52.649334;4.771718;,
  4.182192;52.548934;3.990118;,
  3.721592;53.770336;4.376618;,
  3.991793;53.655936;3.692520;,
  3.499391;55.316230;3.822518;,
  2.915090;55.374029;4.606017;,
  1.645790;56.661830;4.551616;,
  1.587790;57.940230;4.180715;,
  1.723290;55.363123;4.973415;,
  3.070591;53.884038;5.066519;,
  3.199492;52.726634;5.428318;,
  3.328292;51.569232;5.790118;,
  3.500792;50.427434;6.120519;,
  3.673292;49.285629;6.451017;,
  2.288692;50.462829;6.455817;,
  2.432391;49.357926;6.743116;,
  3.886193;48.020333;6.901216;,
  2.645393;47.940829;7.271916;,
  4.004393;46.726630;7.335516;,
  2.841494;46.542531;7.697316;,
  4.165794;45.080534;7.975615;,
  3.061793;44.877030;8.235012;,
  4.316394;43.330630;8.533314;,
  3.142895;42.993827;8.702512;,
  2.189091;51.567738;6.118717;,
  1.995791;52.746835;5.725817;,
  1.887091;53.925933;5.392816;,
  4.465592;49.197526;5.790217;,
  4.640493;48.025037;6.124918;,
  4.805794;46.846832;6.467616;,
  4.954295;45.352035;6.900716;,
  5.103696;43.683632;7.233616;,
  3.862996;39.466931;8.983412;,
  3.108995;39.883530;9.257310;,
  2.980196;38.952333;9.163710;,
  4.164795;40.632432;9.197012;,
  3.199094;41.261232;9.172510;,
  4.358694;42.002029;8.965013;,
  5.061596;42.376333;7.369914;,
  5.223496;43.650032;6.427415;,
  5.098095;45.363533;5.947817;,
  5.101995;46.909834;5.434618;,
  4.950494;47.993930;5.119217;,
  4.907096;41.351034;7.428714;,
  0.796889;56.825126;4.857115;,
  1.894691;55.495322;4.633616;,
  1.757190;56.751437;4.397715;,
  1.628590;57.952627;4.094116;,
  0.787990;57.994624;4.599415;,
  1.574889;58.902330;3.887815;,
  0.787389;58.964525;4.451114;,
  1.573689;59.626925;3.798915;,
  0.776189;60.152326;4.225714;,
  -0.328708;50.490131;6.001015;,
  0.996193;49.392429;6.573515;,
  0.951892;50.524032;6.303816;,
  -0.317008;51.613232;5.790414;,
  0.905991;51.625629;6.022716;,
  -0.207709;52.912528;5.374214;,
  0.826691;52.903830;5.713116;,
  0.797691;54.161229;5.372014;,
  1.910491;54.138925;4.853017;,
  0.789790;55.529325;5.083515;,
  -0.098410;55.522125;4.830114;,
  -0.098411;56.837030;4.634414;,
  -0.000010;58.023930;4.196414;,
  -0.000011;59.000326;4.163513;,
  -0.000011;60.170323;4.297514;,
  -0.098409;54.168928;5.044915;,
  1.972391;52.919136;5.084816;,
  2.034292;51.655232;5.404716;,
  2.154393;50.537734;5.757417;,
  2.210392;49.436934;5.990016;,
  2.290893;47.923130;6.274616;,
  1.058393;47.857430;6.920813;,
  2.419494;46.403926;6.598214;,
  1.086094;46.282723;7.326514;,
  2.569494;44.564330;7.028714;,
  1.209694;44.446925;7.739812;,
  2.722596;42.805530;7.268513;,
  1.452395;42.426730;8.200110;,
  2.841597;41.212032;7.441312;,
  1.667395;40.448230;8.350410;,
  2.779797;39.659331;7.397011;,
  1.915897;39.031830;8.274410;,
  2.408498;38.587731;7.211510;,
  1.953198;37.807830;7.560610;,
  1.636798;37.898029;7.488509;,
  0.691197;38.572029;8.003207;,
  0.055596;40.512128;7.998108;,
  -0.207305;42.322326;7.763709;,
  -0.358306;44.310826;7.347410;,
  -0.443506;46.137322;6.957712;,
  -0.392007;47.750627;6.595213;,
  -0.340408;49.370925;6.183114;,
  -0.000011;59.000326;4.163513;,
  -0.000011;60.170323;4.297514;,
  -0.776211;60.152320;4.225714;,
  -1.665711;60.280122;3.789414;,
  -1.573711;59.626925;3.798914;,
  -1.574911;58.902330;3.886312;,
  -0.000010;58.023930;4.196615;,
  -1.576010;57.939328;3.997413;,
  -0.000010;56.789229;4.327114;,
  -1.593810;56.702733;4.188614;,
  -1.626610;55.486726;4.497812;,
  -0.958910;55.460525;4.837614;,
  -0.979209;54.092922;5.143314;,
  -0.000009;54.150323;4.727915;,
  -0.942609;52.842525;5.425114;,
  0.096791;52.899629;5.093716;,
  -0.927708;51.561133;5.726115;,
  0.193592;51.612333;5.462914;,
  0.193993;50.484634;5.688914;,
  -0.926408;50.410227;5.971613;,
  0.194393;49.366128;5.848614;,
  -0.000009;55.489024;4.521815;,
  -1.690009;54.132326;4.762714;,
  -1.713709;52.891133;4.997313;,
  -1.737408;51.615632;5.232813;,
  -1.749807;50.449229;5.442213;,
  -0.931707;49.265126;6.174813;,
  -1.732706;49.281632;5.660112;,
  -0.964007;47.627827;6.510013;,
  -1.717706;47.655827;5.949212;,
  -0.968306;45.981827;6.906710;,
  -1.762505;46.015827;6.340211;,
  -0.955606;44.221325;7.294110;,
  -1.718205;44.184925;6.710310;,
  -0.750404;42.200227;7.689208;,
  -1.530304;42.118330;7.136308;,
  -1.360604;40.356026;7.336208;,
  0.242193;47.711232;6.272914;,
  0.245394;46.069926;6.599312;,
  0.311294;44.395126;6.893811;,
  0.413296;42.421424;7.244710;,
  -0.519504;40.415824;7.910208;,
  -0.694803;38.845126;7.391008;,
  0.103497;38.909530;7.959108;,
  0.688799;37.302531;7.003508;,
  1.129798;37.600630;7.399309;,
  1.085597;39.117629;7.497809;,
  1.942998;37.989030;7.148509;,
  0.704696;40.623328;7.427210;,
  2.688389;62.216525;0.242617;,
  2.833690;61.766022;-0.353883;,
  2.438190;61.352922;0.112316;,
  2.625390;61.037926;-0.203884;,
  2.289290;60.662522;0.126816;,
  -2.989210;59.086419;1.491912;,
  -3.031811;60.664922;1.830213;,
  -2.954810;60.551718;1.269713;,
  -3.112810;59.190221;2.001012;,
  -3.083809;57.975219;1.797011;,
  -3.310409;58.039226;2.215411;,
  -3.207008;57.307520;2.036911;,
  -3.467909;57.412122;2.556812;,
  -3.520108;56.651725;2.451111;,
  -3.694608;56.099827;2.813411;,
  -3.109410;58.284723;2.908311;,
  -3.027211;59.346522;2.675212;,
  -2.851511;60.748224;2.477213;,
  -2.898508;57.299526;1.940411;,
  -2.757209;57.983226;1.610112;,
  -2.659310;59.100518;1.265913;,
  -2.711710;60.630426;0.946613;,
  -2.742811;61.584819;0.793715;,
  -3.081111;61.841120;0.989415;,
  -3.115011;62.064320;1.391815;,
  -3.108011;61.804717;1.738315;,
  -2.862511;61.295622;2.394715;,
  -2.560411;60.813318;2.945813;,
  -2.532611;59.486323;3.243712;,
  -2.411310;58.656819;3.183712;,
  -2.442710;57.749530;3.485911;,
  -3.238509;57.585926;3.127212;,
  -3.474609;56.332224;3.528011;,
  -3.629109;55.193619;3.905911;,
  -3.885308;55.079821;3.188411;,
  -3.789308;53.723130;4.243211;,
  -4.098408;53.665827;3.619112;,
  -4.218007;52.514723;3.907012;,
  -3.893109;52.558026;4.539512;,
  -4.337606;51.363632;4.194910;,
  -3.996908;51.392928;4.835812;,
  -4.509706;50.087424;4.393611;,
  -4.166607;50.119827;5.164410;,
  -4.681906;48.811226;4.592309;,
  -4.336407;48.846726;5.493010;,
  -2.711909;55.323821;4.461612;,
  -2.559110;56.535622;3.953212;,
  -3.841006;43.820928;7.729006;,
  -4.756603;41.768026;7.087206;,
  -3.699204;41.875126;8.423205;,
  -4.705505;43.647331;6.571906;,
  -3.764005;45.812522;6.957509;,
  -4.618805;45.735123;6.119708;,
  -3.569807;47.393126;6.417110;,
  -4.460306;47.290928;5.806409;,
  -3.375707;48.973725;5.876810;,
  -3.255507;50.203530;5.618411;,
  -3.135308;51.433331;5.360112;,
  -2.937308;52.641632;5.100412;,
  -2.873110;53.850029;4.928812;,
  -4.859205;47.294224;4.908309;,
  -5.071205;45.777123;5.224208;,
  -5.244003;43.651123;5.730406;,
  -5.154103;41.804221;6.401005;,
  -4.709503;40.478925;7.427405;,
  -3.757805;40.366429;8.958004;,
  -4.510903;39.351728;7.999004;,
  -3.584503;38.422826;9.058202;,
  -3.515903;36.996726;9.239303;,
  3.083991;61.919629;-0.082283;,
  2.978189;62.934227;-0.548983;,
  3.121689;62.665120;-0.077883;,
  2.830790;61.355917;-0.600184;,
  3.005690;61.189222;-0.133284;,
  1.066589;65.267622;-2.378281;,
  0.482890;64.849626;-2.828582;,
  0.465489;65.393722;-2.430181;,
  1.139890;64.793523;-2.828482;,
  0.623291;64.124518;-3.154982;,
  1.175691;64.066221;-3.162183;,
  0.755791;63.472525;-3.353983;,
  1.256691;63.373126;-3.254482;,
  0.809792;62.988826;-3.475084;,
  1.185391;62.897126;-3.423183;,
  0.820791;62.729926;-3.462884;,
  1.114291;62.667827;-3.351383;,
  1.470892;62.804826;-3.068583;,
  1.340291;62.634221;-3.134984;,
  1.712391;63.974118;-2.799782;,
  1.662990;64.536326;-2.608482;,
  1.558789;64.953818;-2.231881;,
  2.198091;63.564531;-2.426983;,
  1.827692;63.102822;-2.829183;,
  1.685191;63.817126;-2.730682;,
  2.089891;64.166125;-2.291082;,
  1.593090;64.502022;-2.577882;,
  1.949289;64.626726;-1.991381;,
  1.498589;64.890118;-2.205481;,
  2.077591;62.160224;-2.875983;,
  2.349491;62.266925;-2.523783;,
  2.360891;61.655821;-2.487783;,
  2.008492;62.482528;-2.892383;,
  2.269990;62.889830;-2.495182;,
  2.447590;63.300422;-1.848483;,
  2.390690;63.711424;-1.792282;,
  2.285389;64.105421;-1.724181;,
  -2.598310;62.799418;-2.245484;,
