xof 0303txt 0032
template ColorRGBA {
 <35ff44e0-6c7c-11cf-8f52-0040333594a3>
 FLOAT red;
 FLOAT green;
 FLOAT blue;
 FLOAT alpha;
}

template ColorRGB {
 <d3e16e81-7835-11cf-8f52-0040333594a3>
 FLOAT red;
 FLOAT green;
 FLOAT blue;
}

template Material {
 <3d82ab4d-62da-11cf-ab39-0020af71e433>
 ColorRGBA faceColor;
 FLOAT power;
 ColorRGB specularColor;
 ColorRGB emissiveColor;
 [...]
}

template TextureFilename {
 <a42790e1-7810-11cf-8f52-0040333594a3>
 STRING filename;
}

template Frame {
 <3d82ab46-62da-11cf-ab39-0020af71e433>
 [...]
}

template Matrix4x4 {
 <f6f23f45-7686-11cf-8f52-0040333594a3>
 array FLOAT matrix[16];
}

template FrameTransformMatrix {
 <f6f23f41-7686-11cf-8f52-0040333594a3>
 Matrix4x4 frameMatrix;
}

template Vector {
 <3d82ab5e-62da-11cf-ab39-0020af71e433>
 FLOAT x;
 FLOAT y;
 FLOAT z;
}

template MeshFace {
 <3d82ab5f-62da-11cf-ab39-0020af71e433>
 DWORD nFaceVertexIndices;
 array DWORD faceVertexIndices[nFaceVertexIndices];
}

template Mesh {
 <3d82ab44-62da-11cf-ab39-0020af71e433>
 DWORD nVertices;
 array Vector vertices[nVertices];
 DWORD nFaces;
 array MeshFace faces[nFaces];
 [...]
}

template MeshMaterialList {
 <f6f23f42-7686-11cf-8f52-0040333594a3>
 DWORD nMaterials;
 DWORD nFaceIndexes;
 array DWORD faceIndexes[nFaceIndexes];
 [Material <3d82ab4d-62da-11cf-ab39-0020af71e433>]
}

template VertexElement {
 <f752461c-1e23-48f6-b9f8-8350850f336f>
 DWORD Type;
 DWORD Method;
 DWORD Usage;
 DWORD UsageIndex;
}

template DeclData {
 <bf22e553-292c-4781-9fea-62bd554bdd93>
 DWORD nElements;
 array VertexElement Elements[nElements];
 DWORD nDWords;
 array DWORD data[nDWords];
}

template XSkinMeshHeader {
 <3cf169ce-ff7c-44ab-93c0-f78f62d172e2>
 WORD nMaxSkinWeightsPerVertex;
 WORD nMaxSkinWeightsPerFace;
 WORD nBones;
}

template SkinWeights {
 <6f0d123b-bad2-4167-a0d0-80224f25fabb>
 STRING transformNodeName;
 DWORD nWeights;
 array DWORD vertexIndices[nWeights];
 array FLOAT weights[nWeights];
 Matrix4x4 matrixOffset;
}

template AnimTicksPerSecond {
 <9e415a43-7ba6-4a73-8743-b73d47e88476>
 DWORD AnimTicksPerSecond;
}

template Animation {
 <3d82ab4f-62da-11cf-ab39-0020af71e433>
 [...]
}

template AnimationSet {
 <3d82ab50-62da-11cf-ab39-0020af71e433>
 [Animation <3d82ab4f-62da-11cf-ab39-0020af71e433>]
}

template FloatKeys {
 <10dd46a9-775b-11cf-8f52-0040333594a3>
 DWORD nValues;
 array FLOAT values[nValues];
}

template TimedFloatKeys {
 <f406b180-7b3b-11cf-8f52-0040333594a3>
 DWORD time;
 FloatKeys tfkeys;
}

template AnimationKey {
 <10dd46a8-775b-11cf-8f52-0040333594a3>
 DWORD keyType;
 DWORD nKeys;
 array TimedFloatKeys keys[nKeys];
}


Material Material__266 {
 1.000000;1.000000;1.000000;1.000000;;
 10.000000;
 0.000000;0.000000;0.000000;;
 0.000000;0.000000;0.000000;;

 TextureFilename {
  "mon_gnoll_shadowfang.tga";
 }
}

Frame ValveBiped_Bip01 {
 

 FrameTransformMatrix {
  -0.000002,-0.449512,-0.893274,0.000000,-0.000001,0.893274,-0.449512,0.000000,1.000000,0.000000,-0.000003,0.000000,0.000660,32.301059,6.101748,1.000000;;
 }

 Frame ValveBiped_Bip01_Pelvis {
  

  FrameTransformMatrix {
   0.022559,0.996195,0.084180,0.000000,0.257778,-0.087150,0.962266,0.000000,0.965941,-0.000009,-0.258763,0.000000,0.000000,0.000000,0.000000,1.000000;;
  }

  Frame ValveBiped_Bip01_Spine {
   

   FrameTransformMatrix {
    0.995881,-0.061337,0.066776,0.000000,0.072193,0.981979,-0.174660,0.000000,-0.054859,0.178761,0.982362,0.000000,2.451515,-0.210940,-0.002918,1.000000;;
   }

   Frame ValveBiped_Bip01_Spine1 {
    

    FrameTransformMatrix {
     0.794609,0.000038,0.607121,0.000000,0.031735,0.998630,-0.041598,0.000000,-0.606291,0.052321,0.793520,0.000000,2.945774,0.000000,-0.005024,1.000000;;
    }

    Frame ValveBiped_Bip01_Spine2 {
     

     FrameTransformMatrix {
      0.998360,0.000137,0.057253,0.000000,0.009807,0.984810,-0.173361,0.000000,-0.056407,0.173638,0.983193,0.000000,5.175391,0.000000,-0.005566,1.000000;;
     }

     Frame ValveBiped_Bip01_Spine4 {
      

      FrameTransformMatrix {
       0.996369,-0.080031,-0.029041,0.000000,0.073160,0.979302,-0.188720,0.000000,0.043544,0.185910,0.981601,0.000000,5.608376,0.000000,-0.003128,1.000000;;
      }

      Frame ValveBiped_Bip01_Neck1 {
       

       FrameTransformMatrix {
        0.903317,0.000002,0.428974,0.000000,-0.000002,1.000000,-0.000001,0.000000,-0.428974,0.000000,0.903317,0.000000,2.588116,0.000002,0.525627,1.000000;;
       }

       Frame ValveBiped_Bip01_Head1 {
        

        FrameTransformMatrix {
         0.395595,0.330735,-0.856808,0.000000,0.140451,0.900151,0.412313,0.000000,0.907623,-0.283448,0.309643,0.000000,1.712510,0.000000,0.000000,1.000000;;
        }

        Frame ValveBiped_Bip01_Ponytail1 {
         

         FrameTransformMatrix {
          0.064882,0.000003,0.997893,0.000000,-0.000003,1.000000,-0.000003,0.000000,-0.997893,-0.000003,0.064882,0.000000,2.382263,0.000057,4.453469,1.000000;;
         }
        }
       }

       Frame ValveBiped_Bip01_L_Clavicle {
        

        FrameTransformMatrix {
         -0.242308,0.927774,0.283765,0.000000,0.872630,0.336240,-0.354202,0.000000,-0.424032,0.161796,-0.891077,0.000000,-1.679394,4.016048,-0.181000,1.000000;;
        }

        Frame ValveBiped_Bip01_L_UpperArm {
         

         FrameTransformMatrix {
          0.386449,-0.922267,-0.008954,0.000000,0.921263,0.386455,-0.043903,0.000000,0.043951,0.008717,0.998996,0.000000,4.405540,0.000000,0.000008,1.000000;;
         }

         Frame ValveBiped_Bip01_L_Forearm {
          

          FrameTransformMatrix {
           -0.286514,0.000000,-0.958076,0.000000,0.000000,1.000000,-0.000000,0.000000,0.958076,0.000000,-0.286513,0.000000,9.485963,0.000001,0.000000,1.000000;;
          }

          Frame ValveBiped_Bip01_L_Hand {
           

           FrameTransformMatrix {
            0.900829,-0.405499,-0.155169,0.000000,0.170069,0.000728,0.985432,0.000000,-0.399479,-0.914095,0.069619,0.000000,9.015990,0.000000,0.000000,1.000000;;
           }

           Frame ValveBiped_Anim_Attachment_LH {
            

            FrameTransformMatrix {
             0.025815,0.997396,0.067345,0.000000,0.999174,-0.023629,-0.033060,0.000000,-0.031382,0.068143,-0.997182,0.000000,3.815649,0.358509,1.473579,1.000000;;
            }
           }
          }
         }
        }
       }

       Frame ValveBiped_Bip01_R_Clavicle {
        

        FrameTransformMatrix {
         -0.156021,-0.970362,-0.184541,0.000000,-0.895033,0.059857,0.441965,0.000000,-0.417820,0.234126,-0.877845,0.000000,-1.679397,-4.016046,-0.180969,1.000000;;
        }

        Frame ValveBiped_Bip01_R_UpperArm {
         

         FrameTransformMatrix {
          0.567608,0.804750,0.173777,0.000000,-0.739868,0.591182,-0.321091,0.000000,-0.361131,0.053682,0.930969,0.000000,4.405538,0.000000,0.000004,1.000000;;
         }

         Frame ValveBiped_Bip01_R_Forearm {
          

          FrameTransformMatrix {
           -0.103156,0.000000,-0.994665,0.000000,-0.000000,1.000000,-0.000000,0.000000,0.994665,-0.000000,-0.103156,0.000000,9.485964,0.000000,0.000004,1.000000;;
          }

          Frame ValveBiped_Bip01_R_Hand {
           

           FrameTransformMatrix {
            0.959924,0.149888,-0.236812,0.000000,-0.216357,-0.140773,-0.966112,0.000000,-0.178145,0.978630,-0.102702,0.000000,9.015982,0.000002,-0.000001,1.000000;;
           }

           Frame ValveBiped_Anim_Attachment_RH {
            

            FrameTransformMatrix {
             -0.030954,0.997178,-0.068391,0.000000,-0.999158,-0.032714,-0.024763,0.000000,-0.026930,0.067567,0.997351,0.000000,3.715607,-0.315823,1.578793,1.000000;;
            }
           }
          }
         }
        }
       }
      }
     }
    }
   }

   Frame ValveBiped_Bip01_L_Thigh {
    

    FrameTransformMatrix {
     -0.313144,0.113993,0.942840,0.000000,-0.009553,-0.993098,0.116896,0.000000,0.949658,0.027599,0.312071,0.000000,-2.637768,3.011772,0.713087,1.000000;;
    }

    Frame ValveBiped_Bip01_L_Calf {
     

     FrameTransformMatrix {
      0.945863,-0.000000,-0.324566,0.000000,-0.000000,1.000000,-0.000000,0.000000,0.324566,-0.000000,0.945863,0.000000,14.104096,-0.000001,-0.000008,1.000000;;
     }

     Frame ValveBiped_Bip01_L_Foot {
      

      FrameTransformMatrix {
       0.994178,-0.013257,-0.106937,0.000000,0.015622,0.999651,0.021315,0.000000,0.106617,-0.022862,0.994037,0.000000,15.300498,-0.000000,0.000000,1.000000;;
      }

      Frame ValveBiped_Bip01_L_Toe0 {
       

       FrameTransformMatrix {
        0.081166,-0.007406,0.996673,0.000000,-0.005371,0.999955,0.007868,0.000000,-0.996686,-0.005992,0.081122,0.000000,4.052471,-0.000000,3.752070,1.000000;;
       }
      }
     }
    }
   }

   Frame ValveBiped_Bip01_R_Thigh {
    

    FrameTransformMatrix {
     -0.874291,-0.088702,0.477229,0.000000,0.097389,-0.995225,-0.006564,0.000000,0.475532,0.040738,0.878755,0.000000,-2.266668,-2.945362,-0.365053,1.000000;;
    }

    Frame ValveBiped_Bip01_R_Calf {
     

     FrameTransformMatrix {
      -0.450956,0.000000,-0.892547,0.000000,-0.000000,1.000000,-0.000000,0.000000,0.892547,0.000000,-0.450956,0.000000,14.104093,0.000000,0.000000,1.000000;;
     }

     Frame ValveBiped_Bip01_R_Foot {
      

      FrameTransformMatrix {
       0.990281,0.017057,0.138029,0.000000,-0.030950,0.994592,0.099139,0.000000,-0.135591,-0.102447,0.985454,0.000000,15.300490,0.000000,0.000001,1.000000;;
      }

      Frame ValveBiped_Bip01_R_Toe0 {
       

       FrameTransformMatrix {
        0.570820,0.019079,0.820854,0.000000,-0.010085,0.999818,-0.016225,0.000000,-0.821014,0.000983,0.570908,0.000000,4.052467,0.000000,3.752068,1.000000;;
       }
      }
     }
    }
   }

   Frame ValveBiped_Bip01_Tail {
    

    FrameTransformMatrix {
     -0.895970,-0.000001,-0.444115,0.000000,0.000001,1.000000,-0.000005,0.000000,0.444115,-0.000005,-0.895970,0.000000,-3.675423,-0.000024,-4.793148,1.000000;;
    }

    Frame ValveBiped_Bip01_Tail1 {
     

     FrameTransformMatrix {
      0.999318,-0.000000,-0.036927,0.000000,0.000000,1.000000,-0.000000,0.000000,0.036927,0.000000,0.999318,0.000000,8.790343,-0.000000,-0.010136,1.000000;;
     }

     Frame ValveBiped_Bip01_Tail2 {
      

      FrameTransformMatrix {
       0.976751,0.000001,0.214375,0.000000,-0.000001,1.000000,-0.000000,0.000000,-0.214375,-0.000000,0.976751,0.000000,12.740132,0.000000,-0.005020,1.000000;;
      }
     }
    }
   }
  }
 }
}

Frame SMDImport {
 

 FrameTransformMatrix {
  1.000000,0.000000,0.000000,0.000000,0.000000,1.000000,0.000000,0.000000,0.000000,0.000000,1.000000,0.000000,0.000000,0.000000,0.000000,1.000000;;
 }

 Mesh SMDImport {
  3648;
  3.194529;47.800851;-14.659373;,
  3.746202;45.995709;-12.892392;,
  3.128203;45.763978;-15.060419;,
  1.379113;49.234710;-4.762411;,
  -0.980463;47.403296;-1.103687;,
  3.389335;48.409485;-1.684440;,
  5.791372;48.248634;-2.498724;,
  0.416925;48.768234;-7.775765;,
  -2.425436;48.158438;-7.826367;,
  2.748253;46.668541;-7.295056;,
  -0.086410;47.049232;-7.000699;,
  3.072724;46.721312;-9.505722;,
  2.915698;48.895242;-7.492815;,
  3.295661;49.325232;-5.124596;,
  6.877994;47.921254;-6.650692;,
  7.923629;47.355187;-5.639002;,
  8.441929;46.054054;-7.091218;,
  4.559704;47.462768;-8.131574;,
  3.325966;46.524730;1.283864;,
  5.872083;46.279408;-0.688755;,
  7.987570;46.666496;-3.447666;,
  8.802994;46.196922;-4.385070;,
  9.447970;44.993347;-5.791809;,
  8.507850;43.900278;-8.528536;,
  5.482870;44.032483;-9.521210;,
  4.042200;45.335914;-10.644371;,
  4.437917;46.248861;-11.041732;,
  3.137655;48.329850;-10.426958;,
  0.239079;49.800957;-9.037909;,
  9.421606;42.886346;-7.324938;,
  4.281544;43.344659;-11.050054;,
  3.746202;45.995709;-12.892392;,
  6.924521;41.099053;2.996826;,
  6.138127;44.916717;1.783747;,
  5.678039;42.568480;4.108550;,
  6.189717;39.125581;4.219164;,
  4.975443;38.670157;6.493278;,
  2.633013;39.471002;6.926946;,
  3.170007;43.427034;4.441050;,
  1.084229;43.357587;4.103243;,
  -0.593456;46.346182;0.734753;,
  0.455129;37.551581;7.983192;,
  7.196466;45.992054;-2.173959;,
  7.040974;44.361997;-1.297334;,
  6.908046;43.371558;0.297823;,
  6.940329;38.819898;1.082422;,
  6.463700;36.899219;2.637672;,
  6.291416;35.578400;6.085832;,
  5.316680;36.607370;7.517793;,
  2.655757;37.441558;8.380138;,
  2.780402;34.774803;10.044596;,
  0.540466;35.045357;9.687384;,
  -1.875565;35.059837;10.414065;,
  -1.909784;39.645267;7.236370;,
  6.289610;34.295197;4.591886;,
  6.729043;33.056902;6.770290;,
  5.588369;33.714797;8.692995;,
  6.956753;32.320282;4.316752;,
  6.676686;40.916390;-0.959636;,
  6.900494;42.427341;-2.410964;,
  7.424301;44.176563;-2.937524;,
  7.834322;46.033578;-3.149883;,
  -1.126234;43.324173;4.204592;,
  -3.004332;43.410016;4.752418;,
  -5.433648;42.627494;4.701498;,
  -5.970264;39.200717;4.875708;,
  -4.337774;39.024544;7.119676;,
  -4.624699;37.100211;8.244410;,
  -4.945544;35.148864;9.317414;,
  -6.438458;34.415514;7.610379;,
  -5.876270;36.191386;6.975260;,
  -6.224135;34.682906;5.023016;,
  -6.431562;37.028458;3.351423;,
  -6.848027;41.070102;3.697509;,
  -6.854524;44.263360;2.224018;,
  -4.572222;45.976982;1.499277;,
  -7.864720;41.844653;0.768799;,
  -7.099804;33.177574;5.351812;,
  -2.880698;46.791994;-6.732191;,
  -5.183272;47.280845;-7.781909;,
  -5.100346;48.063322;-4.723655;,
  -5.605236;47.517722;-1.531786;,
  -7.316965;44.765456;-0.376213;,
  -8.291432;42.390282;-0.942139;,
  -7.636098;39.104438;-0.461238;,
  -7.042198;38.584822;1.722351;,
  -6.556002;44.437526;-9.275139;,
  -8.203994;40.001139;-2.055563;,
  -9.980173;42.653421;-3.988284;,
  -8.705588;43.725600;-1.931227;,
  -8.813846;41.664675;-2.708153;,
  -9.380412;43.288845;-3.058079;,
  -9.035314;44.236282;-7.097002;,
  -7.824832;46.492973;-5.141597;,
  -7.447051;46.108902;-7.502841;,
  -7.764129;46.478003;-2.291855;,
  -9.859057;43.314195;-6.307278;,
  -10.647838;42.078256;-5.182756;,
  -11.115854;40.894922;-6.701508;,
  -10.198605;41.707443;-7.806414;,
  -9.899132;39.536912;-9.138133;,
  -8.129752;42.967040;-8.197737;,
  -7.388858;41.198880;-9.048986;,
  -5.878003;43.997120;-10.005982;,
  -4.757679;46.912109;-10.012554;,
  -3.072539;48.777763;-9.731909;,
  -10.883838;38.774659;-8.113698;,
  -5.587736;42.389882;-10.326934;,
  -4.532982;46.592864;-11.965778;,
  6.896340;39.396768;-5.474758;,
  6.635524;40.878480;-4.121598;,
  6.291541;40.107661;-3.849544;,
  9.641705;42.478851;-5.799598;,
  8.785992;40.992890;-8.007791;,
  9.421606;42.886346;-7.324938;,
  9.044346;40.514893;-6.527034;,
  7.567367;39.589133;-7.566652;,
  7.611421;39.881392;-5.853410;,
  7.034376;38.385117;-6.717945;,
  7.567274;39.657274;-4.381914;,
  5.150787;39.924544;1.011204;,
  6.369297;38.484605;-0.173515;,
  7.748855;39.156752;-3.883667;,
  8.540950;38.488141;-0.331003;,
  10.164671;40.175210;-3.969817;,
  10.183342;38.790490;-0.582544;,
  10.530315;41.081722;0.387865;,
  10.664176;42.335216;-2.617658;,
  9.939964;44.222038;-0.810735;,
  9.447970;44.993347;-5.791809;,
  9.668346;43.190026;1.247200;,
  8.259407;44.092992;1.726374;,
  8.254856;45.578598;-1.422225;,
  8.802994;46.196922;-4.385070;,
  7.987570;46.666496;-3.447666;,
  7.834322;46.033578;-3.149883;,
  7.563479;43.712051;-1.460241;,
  7.424301;44.176563;-2.937524;,
  6.900494;42.427341;-2.410964;,
  7.040974;44.361997;-1.297334;,
  7.196466;45.992054;-2.173959;,
  5.150787;39.924544;1.011204;,
  6.635524;40.878480;-4.121598;,
  3.830978;17.320206;-0.198450;,
  -0.499766;17.298363;-4.946853;,
  0.488967;16.563677;-0.996062;,
  0.843167;16.872262;-8.091995;,
  4.564280;15.893157;-9.323437;,
  8.073393;16.175765;-7.634259;,
  7.417975;17.193608;-1.497490;,
  8.692217;16.920189;-4.594447;,
  7.243438;14.615714;-0.501491;,
  8.692217;16.920189;-4.594447;,
  7.417975;17.193608;-1.497490;,
  3.830978;17.320206;-0.198450;,
  3.815212;13.823757;-7.165275;,
  0.843167;16.872262;-8.091995;,
  4.564280;15.893157;-9.323437;,
  8.073393;16.175765;-7.634259;,
  6.787092;13.248461;-5.899838;,
  7.920236;12.985825;-3.423358;,
  6.847721;10.999030;-1.512203;,
  3.659142;11.488790;0.174957;,
  0.488967;16.563677;-0.996062;,
  1.140575;10.848778;-1.389894;,
  0.405788;10.717552;-3.826299;,
  -0.087173;14.782459;-3.739118;,
  -0.499766;17.298363;-4.946853;,
  0.982477;13.943330;-5.994854;,
  -0.499766;17.298363;-4.946853;,
  3.531318;10.201280;-7.456760;,
  5.927043;9.206183;-6.790745;,
  6.938528;8.462095;-5.095778;,
  6.120053;7.756055;-3.170919;,
  3.319373;7.456166;-1.775789;,
  1.163863;7.800665;-3.225491;,
  0.585135;7.990685;-5.121373;,
  1.111865;4.870770;-3.127964;,
  3.367406;4.185537;-2.313687;,
  5.968399;5.427784;-3.286115;,
  6.525724;6.638570;-5.327873;,
  1.322727;10.040674;-6.347982;,
  -0.087173;14.782459;-3.739118;,
  0.405788;10.717552;-3.826299;,
  5.144813;35.079837;-5.730708;,
  2.301157;34.873674;-7.049454;,
  5.248872;35.787254;-7.199471;,
  0.375626;35.114288;-6.822143;,
  -1.523220;35.363101;-8.840333;,
  0.516157;35.752992;-8.102722;,
  2.849029;36.366093;-8.829279;,
  6.828150;38.845126;-8.518238;,
  6.342172;37.093997;-7.110546;,
  7.034376;38.385117;-6.717945;,
  4.752667;35.259805;-4.089706;,
  5.806024;37.522518;-4.200394;,
  4.686581;36.034173;-2.843121;,
  6.296384;36.660976;-0.899157;,
  4.473387;34.927789;-1.078019;,
  5.313082;34.006458;1.908197;,
  6.463700;36.899219;2.637672;,
  6.289610;34.295197;4.591886;,
  5.319048;33.358493;3.005534;,
  7.567367;39.589133;-7.566652;,
  6.896340;39.396768;-5.474758;,
  6.291541;40.107661;-3.849544;,
  6.676686;40.916390;-0.959636;,
  6.940329;38.819898;1.082422;,
  6.900494;42.427341;-2.410964;,
  6.635524;40.878480;-4.121598;,
  5.502952;31.411360;2.145417;,
  6.956753;32.320282;4.316752;,
  2.305971;32.352310;1.406082;,
  2.709329;32.708186;1.153425;,
  1.837535;33.588067;-0.136416;,
  2.304789;34.587699;-2.576119;,
  2.093917;34.179526;-3.815506;,
  1.934199;34.127546;-5.545327;,
  0.101377;34.788566;-5.097882;,
  -1.489000;34.335027;-7.009835;,
  -4.620153;33.963027;-5.570897;,
  -6.796030;34.835654;-6.862319;,
  -4.498874;34.344150;-7.103223;,
  -1.583020;33.813277;-5.511990;,
  -0.027292;35.301389;-3.625109;,
  -1.945729;33.892730;-3.708455;,
  -6.922065;35.139229;-8.466167;,
  -8.123270;35.434282;-6.512179;,
  -4.723821;34.636989;-3.819211;,
  -2.290935;34.327149;-2.432078;,
  -0.112229;34.677398;-1.208570;,
  -0.269193;34.204301;0.080133;,
  -2.923598;31.741187;1.952495;,
  -1.843302;29.074602;2.876541;,
  -3.795690;29.128826;3.281634;,
  -3.212840;32.939091;1.548421;,
  -8.674078;35.821552;-7.748974;,
  -2.377382;33.721542;0.131498;,
  -4.779533;35.529962;-2.531946;,
  -6.359171;35.744048;-3.833502;,
  -8.222916;36.396221;-5.246145;,
  -7.500489;37.584803;-3.480002;,
  -8.103028;37.959984;-3.850849;,
  -8.203994;40.001139;-2.055563;,
  -7.636098;39.104438;-0.461238;,
  -6.431890;36.284467;-0.374383;,
  -7.042198;38.584822;1.722351;,
  -6.431562;37.028458;3.351423;,
  -5.600759;34.453114;2.650577;,
  -6.224135;34.682906;5.023016;,
  -5.501241;33.278141;3.488313;,
  -6.040032;31.324970;3.435340;,
  -7.099804;33.177574;5.351812;,
  -4.655487;34.794746;-0.653536;,
  -1.724358;26.802941;2.534718;,
  -0.501129;27.171107;1.439928;,
  -0.425729;25.068024;3.618002;,
  0.839191;27.732944;0.620911;,
  0.279100;25.335861;1.803022;,
  -1.194349;24.808752;4.179887;,
  3.036074;30.007091;1.295318;,
  1.056322;30.237382;1.225551;,
  7.833667;18.598390;-7.759411;,
  8.013870;16.244835;-4.117932;,
  7.523897;15.680730;-6.694145;,
  4.548006;15.526323;-8.143368;,
  4.931815;18.518555;-9.598358;,
  1.388372;16.193843;-7.135343;,
  7.681818;20.368842;-7.613144;,
  8.277191;18.712699;-4.744916;,
  7.212078;18.034566;-1.719816;,
  6.939831;16.715122;-1.434395;,
  3.902150;16.997584;-0.313343;,
  4.015850;17.871205;-0.559545;,
  0.928722;18.088970;-1.830209;,
  3.935624;21.713290;6.551672;,
  1.331595;19.909824;1.906300;,
  1.568813;23.530813;8.397771;,
  0.418492;23.783786;5.942206;,
  -0.222568;25.668262;10.090041;,
  -0.350972;24.411166;7.170062;,
  -1.166895;24.374722;8.477773;,
  -2.078075;25.644723;12.076191;,
  1.123668;16.320922;-0.892941;,
  4.243580;23.925042;9.031105;,
  -0.190816;20.894070;0.012054;,
  -0.342642;18.583240;-3.801412;,
  0.288632;16.477450;-4.456869;,
  2.653224;32.438346;11.785269;,
  5.094061;27.476867;10.317619;,
  5.574275;31.466525;9.878707;,
  2.090612;29.292077;12.559526;,
  1.251158;25.845848;10.938078;,
  4.915769;20.917584;-9.208803;,
  7.237156;23.610507;-4.913052;,
  8.386026;24.430954;-0.870403;,
  7.020709;27.405923;-2.644076;,
  8.307246;26.428469;1.440132;,
  6.623417;29.382685;0.204766;,
  7.684828;30.446211;4.094490;,
  7.330759;30.737565;7.334454;,
  6.729043;33.056902;6.770290;,
  5.588369;33.714797;8.692995;,
  2.780402;34.774803;10.044596;,
  1.516441;34.211469;10.334158;,
  0.524026;33.513770;10.838871;,
  0.436640;30.140515;12.280210;,
  0.086817;27.906022;11.496344;,
  6.956753;32.320282;4.316752;,
  3.023435;29.049350;-2.292538;,
  0.540466;35.045357;9.687384;,
  2.940206;29.742349;-0.260434;,
  6.233851;30.237606;1.902877;,
  1.034388;27.181981;-1.441799;,
  0.280091;24.403210;-3.910182;,
  1.212507;20.572678;-7.994503;,
  1.474554;18.877712;-8.247109;,
  0.281105;18.954046;-6.178576;,
  5.502952;31.411360;2.145417;,
  3.036074;30.007091;1.295318;,
  0.839191;27.732944;0.620911;,
  0.279100;25.335861;1.803022;,
  -0.190816;20.894070;0.012054;,
  -0.342642;18.583240;-3.801412;,
  0.288632;16.477450;-4.456869;,
  0.418492;23.783786;5.942206;,
  -0.350972;24.411166;7.170062;,
  -0.425729;25.068024;3.618002;,
  -1.194349;24.808752;4.179887;,
  -1.166895;24.374722;8.477773;,
  7.812896;20.655821;1.187755;,
  5.792314;19.917536;2.745835;,
  6.482073;22.038152;5.645032;,
  6.727434;24.261616;7.252856;,
  7.238271;27.618006;8.188430;,
  8.221086;26.074096;5.447792;,
  8.056492;23.432747;3.789887;,
  5.262130;28.204627;-2.508156;,
  6.888432;30.786419;2.489241;,
  3.886334;30.301955;0.582756;,
  6.888432;30.786419;2.489241;,
  5.262130;28.204627;-2.508156;,
  8.665873;28.182192;-0.040386;,
  5.262130;28.204627;-2.508156;,
  6.888432;30.786419;2.489241;,
  8.665873;28.182192;-0.040386;,
  6.888432;30.786419;2.489241;,
  5.262130;28.204627;-2.508156;,
  3.886334;30.301955;0.582756;,
  -0.704432;23.106034;-0.744408;,
  -4.012894;16.870902;0.339893;,
  -3.667798;21.829563;1.293708;,
  -3.667798;21.829563;1.293708;,
  -0.704589;27.645824;0.770288;,
  -0.704432;23.106034;-0.744408;,
  -0.704589;27.645824;0.770288;,
  -3.667798;21.829563;1.293708;,
  -3.251992;26.498206;1.937908;,
  -0.652657;31.214416;1.445464;,
  -3.251992;26.498206;1.937908;,
  -3.060373;30.150234;2.163842;,
  -3.251992;26.498206;1.937908;,
  -0.652657;31.214416;1.445464;,
  -0.704589;27.645824;0.770288;,
  2.298330;31.184355;0.939057;,
  -0.704589;27.645824;0.770288;,
  -0.652657;31.214416;1.445464;,
  -0.704589;27.645824;0.770288;,
  2.298330;31.184355;0.939057;,
  2.272782;28.545798;-1.186783;,
  2.272782;28.545798;-1.186783;,
  -0.704432;23.106034;-0.744408;,
  -0.704589;27.645824;0.770288;,
  -0.704432;23.106034;-0.744408;,
  2.272782;28.545798;-1.186783;,
  2.305106;25.055250;-4.279228;,
  2.305106;25.055250;-4.279228;,
  -0.861918;17.984107;-2.056202;,
  -0.704432;23.106034;-0.744408;,
  -4.012894;16.870902;0.339893;,
  -0.704432;23.106034;-0.744408;,
  -0.861918;17.984107;-2.056202;,
  -0.861918;17.984107;-2.056202;,
  2.305106;25.055250;-4.279228;,
  2.080856;21.571818;-7.906219;,
  0.761038;35.032112;12.581194;,
  1.516441;34.211469;10.334158;,
  2.664983;34.261405;12.439515;,
  1.516441;34.211469;10.334158;,
  0.761038;35.032112;12.581194;,
  0.540466;35.045357;9.687384;,
  0.761038;35.032112;12.581194;,
  -0.666451;34.342806;10.510451;,
  0.540466;35.045357;9.687384;,
  -0.666451;34.342806;10.510451;,
  0.761038;35.032112;12.581194;,
  -1.491263;34.504454;12.762812;,
  0.524026;33.513770;10.838871;,
  2.544299;33.133040;11.846194;,
  1.516441;34.211469;10.334158;,
  2.544299;33.133040;11.846194;,
  0.524026;33.513770;10.838871;,
  0.537103;32.620941;11.889763;,
  0.524026;33.513770;10.838871;,
  -1.583448;33.376653;12.166870;,
  0.537103;32.620941;11.889763;,
  -1.583448;33.376653;12.166870;,
  0.524026;33.513770;10.838871;,
  -0.666451;34.342806;10.510451;,
  0.761038;35.032112;12.581194;,
  -0.666451;34.342806;10.510451;,
  -1.491263;34.504454;12.762812;,
  -0.666451;34.342806;10.510451;,
  0.761038;35.032112;12.581194;,
  0.540466;35.045357;9.687384;,
  0.761038;35.032112;12.581194;,
  1.516441;34.211469;10.334158;,
  0.540466;35.045357;9.687384;,
  1.516441;34.211469;10.334158;,
  0.761038;35.032112;12.581194;,
  2.664983;34.261405;12.439515;,
  -3.667798;21.829563;1.293708;,
  -0.704589;27.645824;0.770288;,
  -3.251992;26.498206;1.937908;,
  -3.251992;26.498206;1.937908;,
  -0.652657;31.214416;1.445464;,
  -3.060373;30.150234;2.163842;,
  -0.652657;31.214416;1.445464;,
  -3.251992;26.498206;1.937908;,
  -0.704589;27.645824;0.770288;,
  -0.704589;27.645824;0.770288;,
  2.298330;31.184355;0.939057;,
  -0.652657;31.214416;1.445464;,
  2.298330;31.184355;0.939057;,
  -0.704589;27.645824;0.770288;,
  2.272782;28.545798;-1.186783;,
  -0.704432;23.106034;-0.744408;,
  2.272782;28.545798;-1.186783;,
  -0.704589;27.645824;0.770288;,
  -0.704589;27.645824;0.770288;,
  -3.667798;21.829563;1.293708;,
  -0.704432;23.106034;-0.744408;,
  -4.012894;16.870902;0.339893;,
  -0.704432;23.106034;-0.744408;,
  -3.667798;21.829563;1.293708;,
  -0.704432;23.106034;-0.744408;,
  -4.012894;16.870902;0.339893;,
  -0.861918;17.984107;-2.056202;,
  -0.861918;17.984107;-2.056202;,
  2.305106;25.055250;-4.279228;,
  -0.704432;23.106034;-0.744408;,
  2.272782;28.545798;-1.186783;,
  -0.704432;23.106034;-0.744408;,
  2.305106;25.055250;-4.279228;,
  2.305106;25.055250;-4.279228;,
  -0.861918;17.984107;-2.056202;,
  2.080856;21.571818;-7.906219;,
  1.516441;34.211469;10.334158;,
  2.544299;33.133040;11.846194;,
  2.664983;34.261405;12.439515;,
  0.524026;33.513770;10.838871;,
  -1.583448;33.376653;12.166870;,
  -0.666451;34.342806;10.510451;,
  -1.583448;33.376653;12.166870;,
  0.524026;33.513770;10.838871;,
  0.537103;32.620941;11.889763;,
  0.524026;33.513770;10.838871;,
  2.544299;33.133040;11.846194;,
  0.537103;32.620941;11.889763;,
  2.544299;33.133040;11.846194;,
  0.524026;33.513770;10.838871;,
  1.516441;34.211469;10.334158;,
  1.516441;34.211469;10.334158;,
  2.664983;34.261405;12.439515;,
  2.544299;33.133040;11.846194;,
  -9.239821;26.795624;3.944477;,
  -4.424016;29.308723;1.638280;,
  -7.298803;30.987264;3.743492;,
  -4.424016;29.308723;1.638280;,
  -9.239821;26.795624;3.944477;,
  -6.245777;25.015747;2.058836;,
  6.888432;30.786419;2.489241;,
  7.964537;31.452093;4.986895;,
  6.675709;34.723149;2.974741;,
  6.675709;34.723149;2.974741;,
  3.886334;30.301955;0.582756;,
  6.888432;30.786419;2.489241;,
  3.886334;30.301955;0.582756;,
  6.675709;34.723149;2.974741;,
  4.077932;33.023827;0.645256;,
  4.077932;33.023827;0.645256;,
  -0.554180;29.071094;1.515765;,
  3.886334;30.301955;0.582756;,
  -0.554180;29.071094;1.515765;,
  4.077932;33.023827;0.645256;,
  -0.514260;31.933117;-0.053843;,
  -0.514260;31.933117;-0.053843;,
  -4.424016;29.308723;1.638280;,
  -0.554180;29.071094;1.515765;,
  -4.424016;29.308723;1.638280;,
  -0.514260;31.933117;-0.053843;,
  -4.569448;32.651520;1.019109;,
  -4.569448;32.651520;1.019109;,
  -7.298803;30.987264;3.743492;,
  -4.424016;29.308723;1.638280;,
  -7.298803;30.987264;3.743492;,
  -4.569448;32.651520;1.019109;,
  -6.484664;34.071485;2.519096;,
  -6.484664;34.071485;2.519096;,
  -8.013179;32.746541;6.551275;,
  -7.298803;30.987264;3.743492;,
  -8.013179;32.746541;6.551275;,
  -6.484664;34.071485;2.519096;,
  -6.626734;37.437622;6.669760;,
  -9.239821;26.795624;3.944477;,
  -4.424016;29.308723;1.638280;,
  -6.245777;25.015747;2.058836;,
  -4.424016;29.308723;1.638280;,
  -9.239821;26.795624;3.944477;,
  -7.298803;30.987264;3.743492;,
  -6.484664;34.071485;2.519096;,
  -8.013179;32.746541;6.551275;,
  -6.626734;37.437622;6.669760;,
  -8.013179;32.746541;6.551275;,
  -6.484664;34.071485;2.519096;,
  -7.298803;30.987264;3.743492;,
  -4.569448;32.651520;1.019109;,
  -7.298803;30.987264;3.743492;,
  -6.484664;34.071485;2.519096;,
  -7.298803;30.987264;3.743492;,
  -4.569448;32.651520;1.019109;,
  -4.424016;29.308723;1.638280;,
  -0.514260;31.933117;-0.053843;,
  -4.424016;29.308723;1.638280;,
  -4.569448;32.651520;1.019109;,
  -4.424016;29.308723;1.638280;,
  -0.514260;31.933117;-0.053843;,
  -0.554180;29.071094;1.515765;,
  4.077932;33.023827;0.645256;,
  -0.554180;29.071094;1.515765;,
  -0.514260;31.933117;-0.053843;,
  -0.554180;29.071094;1.515765;,
  4.077932;33.023827;0.645256;,
  3.886334;30.301955;0.582756;,
  6.675709;34.723149;2.974741;,
  3.886334;30.301955;0.582756;,
  4.077932;33.023827;0.645256;,
  3.886334;30.301955;0.582756;,
  6.675709;34.723149;2.974741;,
  6.888432;30.786419;2.489241;,
  6.888432;30.786419;2.489241;,
  6.675709;34.723149;2.974741;,
  7.964537;31.452093;4.986895;,
  -1.875565;35.059837;10.414065;,
  -0.666451;34.342806;10.510451;,
  -1.449518;30.470486;13.352923;,
  -1.776992;32.701242;12.128599;,
  -4.987407;33.662202;10.934920;,
  -4.945544;35.148864;9.317414;,
  -7.179466;32.703523;8.859872;,
  -6.438458;34.415514;7.610379;,
  -4.846768;30.915414;12.890925;,
  -7.238818;30.816688;11.171465;,
  -8.618763;28.757469;10.120105;,
  -7.066704;28.451430;12.771488;,
  -4.444030;28.647661;14.177395;,
  -1.146159;28.534003;13.567238;,
  -4.478512;26.470595;14.328963;,
  -7.069001;26.361886;13.498613;,
  -8.708267;26.273405;11.224800;,
  -9.028118;26.821066;7.199098;,
  -7.997502;31.393645;5.961791;,
  -7.099804;33.177574;5.351812;,
  -6.862348;30.070272;3.938252;,
  -6.040032;31.324970;3.435340;,
  -3.852247;27.961718;2.347681;,
  -3.795690;29.128826;3.281634;,
  -1.724358;26.802941;2.534718;,
  -1.999498;24.918198;2.736681;,
  -9.385224;23.848597;7.164586;,
  -7.992844;24.639622;3.803629;,
  -7.430473;28.277341;3.355680;,
  -4.057364;25.883317;1.899531;,
  -6.850882;34.256717;8.579236;,
  -6.626734;37.437622;6.669760;,
  -8.013179;32.746541;6.551275;,
  -6.850882;34.256717;8.579236;,
  -2.822376;38.909856;8.187328;,
  -6.626734;37.437622;6.669760;,
  -2.822376;38.909856;8.187328;,
  -6.850882;34.256717;8.579236;,
  -3.095945;35.653718;10.548762;,
  4.460353;34.302195;10.276310;,
  -2.822376;38.909856;8.187328;,
  -3.095945;35.653718;10.548762;,
  -2.822376;38.909856;8.187328;,
  4.460353;34.302195;10.276310;,
  4.160195;38.631120;7.779136;,
  7.276954;32.632042;7.358082;,
  4.160195;38.631120;7.779136;,
  4.460353;34.302195;10.276310;,
  4.160195;38.631120;7.779136;,
  7.276954;32.632042;7.358082;,
  6.808086;36.724099;5.366490;,
  7.964537;31.452093;4.986895;,
  6.808086;36.724099;5.366490;,
  7.276954;32.632042;7.358082;,
  6.808086;36.724099;5.366490;,
  7.964537;31.452093;4.986895;,
  6.675709;34.723149;2.974741;,
  -12.286566;40.939018;-1.951340;,
  -13.706341;38.510512;-0.793339;,
  -12.579155;40.475402;0.098312;,
  -11.121242;41.116960;0.800423;,
  -10.334195;41.574429;-2.056975;,
  -9.015567;36.025402;-6.026465;,
  -8.123270;35.434282;-6.512179;,
  -8.222916;36.396221;-5.246145;,
  -9.309094;35.737267;-4.533713;,
  -10.668062;35.640474;-4.289017;,
  -10.185202;35.079338;-0.342857;,
  -12.235031;35.508000;-0.938953;,
  -12.576914;36.690118;-4.855405;,
  -13.694989;36.110717;-1.536778;,
  -12.995873;39.045875;-3.754198;,
  -11.115854;40.894922;-6.701508;,
  -10.647838;42.078256;-5.182756;,
  -9.980173;42.653421;-3.988284;,
  -9.380412;43.288845;-3.058079;,
  -9.279247;40.725971;-1.329729;,
  -8.813846;41.664675;-2.708153;,
  -8.203994;40.001139;-2.055563;,
  -8.291432;42.390282;-0.942139;,
  -8.705588;43.725600;-1.931227;,
  -8.103028;37.959984;-3.850849;,
  -8.923533;36.353638;0.978550;,
  -8.923533;36.353638;0.978550;,
  -8.103028;37.959984;-3.850849;,
  -8.674078;35.821552;-7.748974;,
  -10.537462;36.524621;-7.030022;,
  -10.031346;36.985002;-8.527258;,
  -11.354114;38.475507;-6.632404;,
  -10.883838;38.774659;-8.113698;,
  -1.583448;33.376653;12.166870;,
  -0.666451;34.342806;10.510451;,
  -1.491263;34.504454;12.762812;,
  -8.074230;38.957971;-9.836821;,
  -7.054710;37.157699;-9.623437;,
  -8.935822;37.697341;-9.587159;,
  -10.031346;36.985002;-8.527258;,
  -8.674078;35.821552;-7.748974;,
  -6.922065;35.139229;-8.466167;,
  -10.883838;38.774659;-8.113698;,
  -9.899132;39.536912;-9.138133;,
  -7.388858;41.198880;-9.048986;,
  -6.239041;38.999146;-10.214330;,
  -5.043196;36.584288;-10.000408;,
  -3.099149;37.271210;-11.239605;,
  -1.523220;35.363101;-8.840333;,
  -0.049309;36.933450;-11.698184;,
  0.516157;35.752992;-8.102722;,
  2.849029;36.366093;-8.829279;,
  -5.587736;42.389882;-10.326934;,
  -5.216394;39.421920;-11.468771;,
  -4.532982;46.592864;-11.965778;,
  -4.893684;44.093798;-12.524614;,
  -4.432577;40.645507;-13.700802;,
  -2.666116;38.472877;-13.298333;,
  -0.407034;37.957715;-13.612838;,
  1.683331;38.778589;-13.637960;,
  2.886075;38.195072;-11.487920;,
  6.828150;38.845126;-8.518238;,
  -4.050492;40.842483;-15.287320;,
  3.617080;43.479939;-13.477146;,
  4.330727;40.988576;-12.019415;,
  3.111587;40.864106;-14.363931;,
  4.281544;43.344659;-11.050054;,
  5.278891;41.550086;-10.644793;,
  5.482870;44.032483;-9.521210;,
  6.842093;43.434042;-9.575487;,
  8.507850;43.900278;-8.528536;,
  7.921484;42.123766;-9.181817;,
  9.421606;42.886346;-7.324938;,
  8.785992;40.992890;-8.007791;,
  6.772868;41.129120;-9.521776;,
  7.567367;39.589133;-7.566652;,
  5.425662;39.745299;-9.998977;,
  2.183714;40.683824;-15.915925;,
  3.746202;45.995709;-12.892392;,
  -1.583448;33.376653;12.166870;,
  -1.491263;34.504454;12.762812;,
  -0.666451;34.342806;10.510451;,
  -10.490405;45.719152;0.027794;,
  -9.401270;43.987357;0.229407;,
  -8.908366;44.711827;-0.837407;,
  -10.056616;43.961629;-0.994627;,
  -8.908366;44.711827;-0.837407;,
  7.964537;31.452093;4.986895;,
  6.808086;36.724099;5.366490;,
  6.675709;34.723149;2.974741;,
  6.808086;36.724099;5.366490;,
  7.964537;31.452093;4.986895;,
  7.276954;32.632042;7.358082;,
  7.276954;32.632042;7.358082;,
  4.160195;38.631120;7.779136;,
  6.808086;36.724099;5.366490;,
  4.160195;38.631120;7.779136;,
  7.276954;32.632042;7.358082;,
  4.460353;34.302195;10.276310;,
  4.460353;34.302195;10.276310;,
  -2.822376;38.909856;8.187328;,
  4.160195;38.631120;7.779136;,
  -2.822376;38.909856;8.187328;,
  4.460353;34.302195;10.276310;,
  -3.095945;35.653718;10.548762;,
  -6.850882;34.256717;8.579236;,
  -2.822376;38.909856;8.187328;,
  -3.095945;35.653718;10.548762;,
  -2.822376;38.909856;8.187328;,
  -6.850882;34.256717;8.579236;,
  -6.626734;37.437622;6.669760;,
  -6.850882;34.256717;8.579236;,
  -8.013179;32.746541;6.551275;,
  -6.626734;37.437622;6.669760;,
  -11.397330;43.370032;-3.356166;,
  -12.109241;45.278518;-3.634619;,
  -10.773478;43.928246;-4.456502;,
  -10.379891;44.286522;-3.165586;,
  -11.397330;43.370032;-3.356166;,
  -11.114038;39.412285;-9.248066;,
  -11.496679;40.046989;-11.166722;,
  -9.968087;39.310170;-10.021434;,
  -10.370250;40.545418;-9.508098;,
  -11.114038;39.412285;-9.248066;,
  -9.699612;40.613834;-9.961966;,
  -10.082256;41.248534;-11.880619;,
  -8.553662;40.511718;-10.735328;,
  -8.955946;41.746941;-10.222014;,
  -9.699612;40.613834;-9.961966;,
  -4.158468;34.669555;-9.295142;,
  -3.622830;34.162352;-11.237846;,
  -2.837459;34.998291;-9.509397;,
  -3.838084;35.815546;-9.990454;,
  -4.158468;34.669555;-9.295142;,
  -12.485165;42.775875;-4.664540;,
  -8.405181;42.967846;2.870231;,
  -11.219815;43.625578;-0.786414;,
  -12.481779;41.034298;-7.637229;,
  -11.406486;38.664787;-9.611452;,
  -4.585613;32.256573;-7.598669;,
  -8.423011;35.141370;-9.846512;,
  -5.431368;45.639626;1.222046;,
  -11.219815;43.625578;-0.786414;,
  -8.405181;42.967846;2.870231;,
  -8.245870;46.297309;-2.434506;,
  -12.485165;42.775875;-4.664540;,
  -9.511235;45.447686;-6.312719;,
  -12.621859;43.554864;-7.503949;,
  -10.941120;42.378758;-7.427218;,
  -11.805744;42.034944;-6.402598;,
  -11.028229;43.173088;-6.273545;,
  -11.805744;42.034944;-6.402598;,
  -9.511235;45.447686;-6.312719;,
  -12.481779;41.034298;-7.637229;,
  -12.485165;42.775875;-4.664540;,
  -9.507967;43.706077;-9.285414;,
  -11.406486;38.664787;-9.611452;,
  -8.432541;41.336518;-11.259542;,
  -8.423011;35.141370;-9.846512;,
  -5.449078;37.813187;-11.494692;,
  -4.585613;32.256573;-7.598669;,
  -1.611669;34.928307;-9.246762;,
  -8.656422;35.720653;-11.838955;,
  -7.983173;35.737536;-9.886324;,
  -8.854054;36.796621;-10.064958;,
  -7.555375;36.881021;-10.525815;,
  -8.854054;36.796621;-10.064958;,
  -5.037136;32.960838;-10.523936;,
  -4.251763;33.796768;-8.795479;,
  -5.572774;33.468032;-8.581226;,
  -5.252507;34.613990;-9.276553;,
  -5.572774;33.468032;-8.581226;,
  4.559112;49.801520;-1.714695;,
  4.935410;47.275933;-11.042910;,
  6.554978;47.998198;-5.114947;,
  4.935410;47.275933;-11.042910;,
  6.765270;46.862771;-7.394274;,
  6.554978;47.998198;-5.114947;,
  -6.327898;42.593430;-10.159693;,
  -8.107046;45.549664;-6.528622;,
  -7.657991;43.152368;-8.175820;,
  -8.107046;45.549664;-6.528622;,
  -6.327898;42.593430;-10.159693;,
  -6.345120;46.258189;-10.202977;,
  -6.001835;48.185165;-3.913732;,
  -8.107046;45.549664;-6.528622;,
  -6.345120;46.258189;-10.202977;,
  -2.672866;51.244240;-7.305339;,
  -6.001835;48.185165;-3.913732;,
  -6.345120;46.258189;-10.202977;,
  -6.001835;48.185165;-3.913732;,
  -2.672866;51.244240;-7.305339;,
  -2.319680;50.297677;-0.944813;,
  0.522793;51.789619;-7.784538;,
  -2.319680;50.297677;-0.944813;,
  -2.672866;51.244240;-7.305339;,
  -2.319680;50.297677;-0.944813;,
  0.522793;51.789619;-7.784538;,
  1.249797;51.146080;-0.874115;,
  0.522793;51.789619;-7.784538;,
  4.559112;49.801520;-1.714695;,
  1.249797;51.146080;-0.874115;,
  4.559112;49.801520;-1.714695;,
  0.522793;51.789619;-7.784538;,
  3.635212;50.789261;-8.011345;,
  4.935410;47.275933;-11.042910;,
  4.559112;49.801520;-1.714695;,
  3.635212;50.789261;-8.011345;,
  3.635212;50.789261;-8.011345;,
  3.333942;47.622192;-13.095797;,
  4.935410;47.275933;-11.042910;,
  3.333942;47.622192;-13.095797;,
  3.746202;45.995709;-12.892392;,
  4.935410;47.275933;-11.042910;,
  3.823024;44.687741;-12.489790;,
  4.935410;47.275933;-11.042910;,
  3.746202;45.995709;-12.892392;,
  4.935410;47.275933;-11.042910;,
  3.823024;44.687741;-12.489790;,
  5.351033;43.431472;-11.008041;,
  5.351033;43.431472;-11.008041;,
  6.765270;46.862771;-7.394274;,
  4.935410;47.275933;-11.042910;,
  6.765270;46.862771;-7.394274;,
  5.351033;43.431472;-11.008041;,
  5.633455;46.087754;-8.135603;,
  3.333942;47.622192;-13.095797;,
  3.635212;50.789261;-8.011345;,
  1.826760;48.579744;-13.053726;,
  0.522793;51.789619;-7.784538;,
  1.826760;48.579744;-13.053726;,
  3.635212;50.789261;-8.011345;,
  1.826760;48.579744;-13.053726;,
  0.522793;51.789619;-7.784538;,
  -0.220157;49.371178;-12.864158;,
  0.522793;51.789619;-7.784538;,
  -2.349632;48.880973;-12.586302;,
  -0.220157;49.371178;-12.864158;,
  -2.349632;48.880973;-12.586302;,
  0.522793;51.789619;-7.784538;,
  -2.672866;51.244240;-7.305339;,
  -2.672866;51.244240;-7.305339;,
  -3.949282;48.147507;-12.280653;,
  -2.349632;48.880973;-12.586302;,
  -3.949282;48.147507;-12.280653;,
  -2.672866;51.244240;-7.305339;,
  -6.345120;46.258189;-10.202977;,
  -4.532982;46.592864;-11.965778;,
  -3.949282;48.147507;-12.280653;,
  -6.345120;46.258189;-10.202977;,
  -6.345120;46.258189;-10.202977;,
  -4.703972;45.302768;-11.535441;,
  -4.532982;46.592864;-11.965778;,
  -4.703972;45.302768;-11.535441;,
  -6.345120;46.258189;-10.202977;,
  -6.327898;42.593430;-10.159693;,
  -0.728652;48.876496;-17.088717;,
  0.932164;48.412720;-17.053158;,
  2.015211;50.238166;-14.043150;,
  3.194529;47.800851;-14.659373;,
  2.015211;50.238166;-14.043150;,
  0.932164;48.412720;-17.053158;,
  3.194529;47.800851;-14.659373;,
  4.204368;48.069709;-12.688447;,
  2.015211;50.238166;-14.043150;,
  4.204368;48.069709;-12.688447;,
  3.194529;47.800851;-14.659373;,
  3.128203;45.763978;-15.060419;,
  6.333471;48.540650;-8.345581;,
  3.128203;45.763978;-15.060419;,
