xof 0303txt 0032
template ColorRGBA {
 <35ff44e0-6c7c-11cf-8f52-0040333594a3>
 FLOAT red;
 FLOAT green;
 FLOAT blue;
 FLOAT alpha;
}

template ColorRGB {
 <d3e16e81-7835-11cf-8f52-0040333594a3>
 FLOAT red;
 FLOAT green;
 FLOAT blue;
}

template Material {
 <3d82ab4d-62da-11cf-ab39-0020af71e433>
 ColorRGBA faceColor;
 FLOAT power;
 ColorRGB specularColor;
 ColorRGB emissiveColor;
 [...]
}

template TextureFilename {
 <a42790e1-7810-11cf-8f52-0040333594a3>
 STRING filename;
}

template Frame {
 <3d82ab46-62da-11cf-ab39-0020af71e433>
 [...]
}

template Matrix4x4 {
 <f6f23f45-7686-11cf-8f52-0040333594a3>
 array FLOAT matrix[16];
}

template FrameTransformMatrix {
 <f6f23f41-7686-11cf-8f52-0040333594a3>
 Matrix4x4 frameMatrix;
}

template Vector {
 <3d82ab5e-62da-11cf-ab39-0020af71e433>
 FLOAT x;
 FLOAT y;
 FLOAT z;
}

template MeshFace {
 <3d82ab5f-62da-11cf-ab39-0020af71e433>
 DWORD nFaceVertexIndices;
 array DWORD faceVertexIndices[nFaceVertexIndices];
}

template Mesh {
 <3d82ab44-62da-11cf-ab39-0020af71e433>
 DWORD nVertices;
 array Vector vertices[nVertices];
 DWORD nFaces;
 array MeshFace faces[nFaces];
 [...]
}

template MeshMaterialList {
 <f6f23f42-7686-11cf-8f52-0040333594a3>
 DWORD nMaterials;
 DWORD nFaceIndexes;
 array DWORD faceIndexes[nFaceIndexes];
 [Material <3d82ab4d-62da-11cf-ab39-0020af71e433>]
}

template VertexElement {
 <f752461c-1e23-48f6-b9f8-8350850f336f>
 DWORD Type;
 DWORD Method;
 DWORD Usage;
 DWORD UsageIndex;
}

template DeclData {
 <bf22e553-292c-4781-9fea-62bd554bdd93>
 DWORD nElements;
 array VertexElement Elements[nElements];
 DWORD nDWords;
 array DWORD data[nDWords];
}

template XSkinMeshHeader {
 <3cf169ce-ff7c-44ab-93c0-f78f62d172e2>
 WORD nMaxSkinWeightsPerVertex;
 WORD nMaxSkinWeightsPerFace;
 WORD nBones;
}

template SkinWeights {
 <6f0d123b-bad2-4167-a0d0-80224f25fabb>
 STRING transformNodeName;
 DWORD nWeights;
 array DWORD vertexIndices[nWeights];
 array FLOAT weights[nWeights];
 Matrix4x4 matrixOffset;
}

template AnimTicksPerSecond {
 <9e415a43-7ba6-4a73-8743-b73d47e88476>
 DWORD AnimTicksPerSecond;
}

template Animation {
 <3d82ab4f-62da-11cf-ab39-0020af71e433>
 [...]
}

template AnimationSet {
 <3d82ab50-62da-11cf-ab39-0020af71e433>
 [Animation <3d82ab4f-62da-11cf-ab39-0020af71e433>]
}

template FloatKeys {
 <10dd46a9-775b-11cf-8f52-0040333594a3>
 DWORD nValues;
 array FLOAT values[nValues];
}

template TimedFloatKeys {
 <f406b180-7b3b-11cf-8f52-0040333594a3>
 DWORD time;
 FloatKeys tfkeys;
}

template AnimationKey {
 <10dd46a8-775b-11cf-8f52-0040333594a3>
 DWORD keyType;
 DWORD nKeys;
 array TimedFloatKeys keys[nKeys];
}


Material Material__273 {
 1.000000;1.000000;1.000000;1.000000;;
 10.000000;
 0.000000;0.000000;0.000000;;
 0.000000;0.000000;0.000000;;

 TextureFilename {
  "vampire_prince.tga";
 }
}

Material Material__274 {
 1.000000;1.000000;1.000000;1.000000;;
 10.000000;
 0.000000;0.000000;0.000000;;
 0.000000;0.000000;0.000000;;

 TextureFilename {
  "vampire_prince_metal.tga";
 }
}

Frame ValveBiped_Bip01 {
 

 FrameTransformMatrix {
  -0.631352,0.445999,-0.634413,0.000000,0.097176,0.857124,0.505860,0.000000,0.769384,0.257726,-0.584487,0.000000,-0.118532,65.496154,-0.027345,1.000000;;
 }

 Frame ValveBiped_Bip01_Pelvis {
  

  FrameTransformMatrix {
   0.341347,0.919318,0.195799,0.000000,0.174341,-0.266620,0.947902,0.000000,0.923627,-0.289428,-0.251285,0.000000,0.000000,0.000000,0.000000,1.000000;;
  }

  Frame ValveBiped_Bip01_Spine {
   

   FrameTransformMatrix {
    0.924435,-0.081055,-0.372627,0.000000,0.142829,0.979617,0.141249,0.000000,0.353583,-0.183797,0.917169,0.000000,5.182510,-1.500038,-1.635730,1.000000;;
   }

   Frame ValveBiped_Bip01_Spine1 {
    

    FrameTransformMatrix {
     0.768430,0.341724,0.541055,0.000000,-0.228513,0.936271,-0.266794,0.000000,-0.597743,0.081374,0.797547,0.000000,8.520096,-0.000001,-0.008144,1.000000;;
    }

    Frame ValveBiped_Bip01_Spine2 {
     

     FrameTransformMatrix {
      0.807058,0.318454,0.497236,0.000000,-0.407859,0.909581,0.079452,0.000000,-0.426975,-0.266925,0.863970,0.000000,10.234184,0.000000,-0.009548,1.000000;;
     }

     Frame ValveBiped_Bip01_Spine3 {
      

      FrameTransformMatrix {
       0.999697,0.000000,0.024616,0.000000,-0.000000,1.000000,0.000000,0.000000,-0.024617,0.000000,0.999697,0.000000,14.809379,0.000000,-0.004208,1.000000;;
      }

      Frame ValveBiped_Bip01_Neck {
       

       FrameTransformMatrix {
        0.896543,0.111192,0.428773,0.000000,-0.095469,0.993737,-0.058080,0.000000,-0.432546,0.011136,0.901543,0.000000,5.660164,0.000000,-2.556366,1.000000;;
       }

       Frame ValveBiped_Bip01_Head {
        

        FrameTransformMatrix {
         0.454826,-0.195887,-0.868770,0.000000,-0.629344,0.619523,-0.469167,0.000000,0.630127,0.760145,0.158494,0.000000,7.627449,0.000008,0.000000,1.000000;;
        }

        Frame mouth {
         

         FrameTransformMatrix {
          -0.372740,-0.000000,0.927936,0.000000,0.000001,-1.000000,0.000001,0.000000,0.927936,0.000002,0.372740,0.000000,2.404312,-0.000010,0.979132,1.000000;;
         }
        }
       }

       Frame ValveBiped_Bip01_L_Clavicle {
        

        FrameTransformMatrix {
         -0.201434,0.979089,0.028457,0.000000,0.941320,0.201533,-0.270742,0.000000,-0.270815,-0.027749,-0.962232,0.000000,-0.223454,3.863762,1.575897,1.000000;;
        }

        Frame ValveBiped_Bip01_L_UpperArm {
         

         FrameTransformMatrix {
          0.706511,-0.619381,-0.342357,0.000000,0.435845,-0.000322,0.900022,0.000000,-0.557567,-0.785090,0.269726,0.000000,10.975849,0.667988,0.183601,1.000000;;
         }

         Frame ValveBiped_Bip01_L_Forearm {
          

          FrameTransformMatrix {
           0.846597,0.000000,-0.532235,0.000000,0.000000,1.000000,0.000000,0.000000,0.532235,0.000000,0.846597,0.000000,23.069184,-0.000004,-0.000002,1.000000;;
          }

          Frame ValveBiped_Bip01_L_Hand {
           

           FrameTransformMatrix {
            0.860354,-0.499837,0.099770,0.000000,0.093289,0.346860,0.933266,0.000000,-0.501087,-0.793632,0.345052,0.000000,20.090896,-0.000008,-0.000002,1.000000;;
           }

           Frame ValveBiped_Bip01_L_Finger0 {
            

            FrameTransformMatrix {
             0.651285,-0.405287,0.641537,0.000000,0.583647,-0.272756,-0.764827,0.000000,0.484957,0.872552,0.058903,0.000000,1.386456,-4.289776,1.610357,1.000000;;
            }

            Frame ValveBiped_Bip01_L_Finger01 {
             

             FrameTransformMatrix {
              0.826129,0.000000,0.563482,0.000000,0.000000,1.000000,0.000000,0.000000,-0.563482,0.000000,0.826129,0.000000,3.806870,-0.000002,0.000000,1.000000;;
             }

             Frame ValveBiped_Bip01_L_Finger02 {
              

              FrameTransformMatrix {
               0.623276,-0.000000,0.782002,0.000000,-0.000000,1.000000,-0.000000,0.000000,-0.782002,0.000000,0.623276,0.000000,4.091148,0.000000,0.000006,1.000000;;
              }
             }
            }
           }

           Frame ValveBiped_Bip01_L_Finger1 {
            

            FrameTransformMatrix {
             0.756336,-0.018511,-0.653921,0.000000,-0.016129,0.998768,-0.046927,0.000000,0.653984,0.046040,0.755106,0.000000,8.301895,-3.221605,-0.158367,1.000000;;
            }

            Frame ValveBiped_Bip01_L_Finger11 {
             

             FrameTransformMatrix {
              0.839694,-0.000000,0.543060,0.000000,-0.000000,1.000000,0.000000,0.000000,-0.543060,0.000000,0.839694,0.000000,4.207447,0.000006,0.000008,1.000000;;
             }
            }
           }

           Frame ValveBiped_Bip01_L_Finger2 {
            

            FrameTransformMatrix {
             0.982575,0.117992,0.143615,0.000000,-0.119792,0.992791,0.003921,0.000000,-0.142117,-0.021056,0.989626,0.000000,8.428444,0.019384,-1.510056,1.000000;;
            }

            Frame ValveBiped_Bip01_L_Finger21 {
             

             FrameTransformMatrix {
              0.745813,-0.000000,0.666156,0.000000,0.000000,1.000000,-0.000000,0.000000,-0.666155,0.000000,0.745813,0.000000,5.780498,0.000001,0.000006,1.000000;;
             }
            }
           }

           Frame ValveBiped_Bip01_L_Finger3 {
            

            FrameTransformMatrix {
             0.914125,0.171232,0.367498,0.000000,-0.185463,0.982645,0.003471,0.000000,-0.360526,-0.071330,0.930018,0.000000,7.861751,3.402791,-0.627281,1.000000;;
            }

            Frame ValveBiped_Bip01_L_Finger31 {
             

             FrameTransformMatrix {
              0.346493,0.000000,0.938052,0.000000,0.000000,1.000000,-0.000000,0.000000,-0.938052,0.000000,0.346493,0.000000,3.545250,-0.000001,-0.000008,1.000000;;
             }
            }
           }

           Frame ValveBiped_Bip01_Fireball {
            

            FrameTransformMatrix {
             1.000000,-0.000000,-0.000000,0.000000,0.000000,1.000000,0.000000,0.000000,-0.000000,0.000000,1.000000,0.000000,0.851852,0.000015,5.467211,1.000000;;
            }
           }

           Frame ValveBiped_Anim_Attachment_LH {
            

            FrameTransformMatrix {
             0.025817,0.997396,0.067345,0.000000,0.999174,-0.023630,-0.033063,0.000000,-0.031385,0.068143,-0.997182,0.000000,3.052536,0.286785,1.178856,1.000000;;
            }
           }
          }
         }
        }

        Frame upper_feather {
         

         FrameTransformMatrix {
          0.890057,0.455637,-0.013889,0.000000,0.033411,-0.095592,-0.994860,0.000000,-0.454623,0.885018,-0.100306,0.000000,6.983162,3.990616,-0.802727,1.000000;;
         }
        }

        Frame upper_flag_F1 {
         

         FrameTransformMatrix {
          0.369955,-0.924274,0.094081,0.000000,-0.006788,-0.103952,-0.994559,0.000000,0.929025,0.367303,-0.044731,0.000000,10.661633,3.963837,-6.272259,1.000000;;
         }

         Frame upper_flag_F2 {
          

          FrameTransformMatrix {
           0.999978,-0.000000,-0.006648,0.000000,0.000000,1.000000,0.000000,0.000000,0.006648,-0.000000,0.999978,0.000000,25.370128,0.000000,-0.000004,1.000000;;
          }
         }
        }

        Frame upper_flag_B1 {
         

         FrameTransformMatrix {
          0.370066,-0.920707,0.123893,0.000000,-0.000588,-0.133593,-0.991036,0.000000,0.929005,0.366676,-0.049980,0.000000,10.746273,5.259796,6.126762,1.000000;;
         }

         Frame upper_flag_B2 {
          

          FrameTransformMatrix {
           0.999978,0.000000,-0.006648,0.000000,0.000000,1.000000,-0.000000,0.000000,0.006648,-0.000000,0.999978,0.000000,25.370128,0.000000,-0.000010,1.000000;;
          }
         }
        }
       }

       Frame ValveBiped_Bip01_R_Clavicle {
        

        FrameTransformMatrix {
         -0.222494,-0.974826,-0.014516,0.000000,-0.878331,0.193963,0.436935,0.000000,-0.423120,0.109965,-0.899376,0.000000,-0.477375,-3.922356,3.529098,1.000000;;
        }

        Frame ValveBiped_Bip01_R_UpperArm {
         

         FrameTransformMatrix {
          0.774363,0.436528,-0.458046,0.000000,-0.268231,0.882113,0.387207,0.000000,0.573075,-0.176976,0.800165,0.000000,11.307892,0.000015,0.000008,1.000000;;
         }

         Frame ValveBiped_Bip01_R_Forearm {
          

          FrameTransformMatrix {
           0.344211,0.000000,-0.938892,0.000000,-0.000000,1.000000,0.000000,0.000000,0.938892,0.000000,0.344211,0.000000,23.069155,-0.000008,0.000015,1.000000;;
          }

          Frame ValveBiped_Bip01_R_Hand {
           

           FrameTransformMatrix {
            0.773576,0.607976,-0.178734,0.000000,-0.195053,-0.039916,-0.979980,0.000000,-0.602938,0.792952,0.087710,0.000000,20.090890,0.000008,0.000004,1.000000;;
           }

           Frame ValveBiped_Anim_Attachment_RH {
            

            FrameTransformMatrix {
             -0.030956,0.997178,-0.068393,0.000000,-0.999158,-0.032715,-0.024762,0.000000,-0.026929,0.067568,0.997351,0.000000,2.972481,-0.252636,1.263016,1.000000;;
            }
           }
          }
         }
        }

        Frame upper_flag_B3 {
         

         FrameTransformMatrix {
          0.122096,0.979210,0.161987,0.000000,0.950343,-0.068269,-0.303623,0.000000,-0.286252,0.191015,-0.938921,0.000000,8.481728,-4.995674,8.449371,1.000000;;
         }

         Frame upper_flag_B4 {
          

          FrameTransformMatrix {
           0.999987,-0.000000,-0.005156,0.000000,0.000000,1.000000,-0.000000,0.000000,0.005156,0.000000,0.999987,0.000000,14.597366,0.000000,0.000000,1.000000;;
          }
         }
        }

        Frame upper_sickle {
         

         FrameTransformMatrix {
          0.025996,0.891777,-0.451728,0.000000,-0.695385,-0.308504,-0.649050,0.000000,-0.718167,0.330997,0.612108,0.000000,11.491497,2.409584,-7.932144,1.000000;;
         }
        }

        Frame upper_chain_R1 {
         

         FrameTransformMatrix {
          0.203346,0.973542,0.104246,0.000000,0.979088,-0.201534,-0.027745,0.000000,-0.006002,0.107708,-0.994164,0.000000,11.063930,-0.118454,-0.823784,1.000000;;
         }

         Frame upper_chain_R2 {
          

          FrameTransformMatrix {
           0.999994,0.000000,-0.003539,0.000000,0.000000,1.000000,0.000000,0.000000,0.003539,-0.000000,0.999994,0.000000,11.275947,0.000000,0.000023,1.000000;;
          }
         }
        }
       }
      }

      Frame upper_chain_F1 {
       

       FrameTransformMatrix {
        -0.349414,-0.022596,0.936696,0.000000,0.001313,-0.999720,-0.023627,0.000000,0.936968,-0.007026,0.349346,0.000000,3.006348,-2.094810,9.788994,1.000000;;
       }

       Frame upper_chain_F2 {
        

        FrameTransformMatrix {
         0.232442,0.005035,-0.972598,0.000000,0.972430,-0.020455,0.232296,0.000000,-0.018725,-0.999778,-0.009651,0.000000,10.280541,0.019291,-0.145752,1.000000;;
        }
       }
      }
     }
    }
   }

   Frame ValveBiped_Bip01_L_Thigh {
    

    FrameTransformMatrix {
     -0.960981,0.230351,-0.153146,0.000000,-0.276083,-0.833004,0.479461,0.000000,-0.017127,0.503034,0.864097,0.000000,-6.184258,9.003391,-2.113909,1.000000;;
    }

    Frame ValveBiped_Bip01_L_Calf {
     

     FrameTransformMatrix {
      0.693584,-0.000000,-0.720377,0.000000,0.000000,1.000000,0.000000,0.000000,0.720377,-0.000000,0.693584,0.000000,30.160749,0.000000,0.000000,1.000000;;
     }

     Frame ValveBiped_Bip01_L_Foot {
      

      FrameTransformMatrix {
       0.929037,0.243086,0.278926,0.000000,-0.336022,0.869883,0.361099,0.000000,-0.154855,-0.429200,0.889836,0.000000,33.484086,0.000002,0.000001,1.000000;;
      }

      Frame ValveBiped_Bip01_L_Toe0 {
       

       FrameTransformMatrix {
        0.000000,0.173541,0.984827,0.000000,-0.000000,0.984827,-0.173541,0.000000,-1.000000,0.000000,0.000000,0.000000,9.683061,0.000000,9.592224,1.000000;;
       }
      }
     }
    }

    Frame lower_skirt_L1 {
     

     FrameTransformMatrix {
      0.998847,0.039849,-0.026798,0.000000,0.018784,0.189367,0.981727,0.000000,0.044196,-0.981098,0.188400,0.000000,7.948269,0.475191,11.480545,1.000000;;
     }
    }

    Frame lower_sickle {
     

     FrameTransformMatrix {
      0.886157,-0.261755,-0.382375,0.000000,0.359969,0.908482,0.212329,0.000000,0.291803,-0.325799,0.899281,0.000000,-4.702042,-7.370606,1.513245,1.000000;;
     }
    }
   }

   Frame ValveBiped_Bip01_R_Thigh {
    

    FrameTransformMatrix {
     -0.833141,-0.550031,0.057810,0.000000,0.550870,-0.815998,0.175185,0.000000,-0.049184,0.177800,0.982837,0.000000,-4.856098,-7.077554,0.901842,1.000000;;
    }

    Frame ValveBiped_Bip01_R_Calf {
     

     FrameTransformMatrix {
      0.685993,0.000000,-0.727608,0.000000,-0.000000,1.000000,0.000000,0.000000,0.727608,0.000000,0.685993,0.000000,30.160739,0.000002,0.000004,1.000000;;
     }

     Frame ValveBiped_Bip01_R_Foot {
      

      FrameTransformMatrix {
       0.878395,-0.352644,0.322590,0.000000,0.431740,0.874982,-0.219106,0.000000,-0.204994,0.331736,0.920831,0.000000,33.484090,0.000006,0.000000,1.000000;;
      }

      Frame ValveBiped_Bip01_R_Toe0 {
       

       FrameTransformMatrix {
        0.000000,-0.099293,0.995058,0.000000,0.000000,0.995058,0.099293,0.000000,-1.000000,0.000000,0.000000,0.000000,9.683058,-0.000004,9.592226,1.000000;;
       }
      }
     }
    }

    Frame lower_skirt_R1 {
     

     FrameTransformMatrix {
      0.998275,-0.051080,-0.028954,0.000000,0.018785,-0.189364,0.981727,0.000000,-0.055629,-0.980578,-0.188078,0.000000,7.796486,-0.808165,11.419191,1.000000;;
     }
    }
   }
  }

  Frame lower_skirt_F1 {
   

   FrameTransformMatrix {
    -0.999974,-0.005466,-0.004648,0.000000,-0.004648,-0.000021,0.999989,0.000000,-0.005466,0.999985,-0.000005,0.000000,0.883453,2.812172,12.154228,1.000000;;
   }

   Frame lower_skirt_F2 {
    

    FrameTransformMatrix {
     0.999985,0.000000,-0.005404,0.000000,0.000000,1.000000,0.000005,0.000000,0.005404,-0.000005,0.999985,0.000000,12.933060,0.000002,-0.000001,1.000000;;
    }
   }
  }

  Frame lower_skirt_B1 {
   

   FrameTransformMatrix {
    -0.964827,-0.010929,-0.262659,0.000000,-0.262674,-0.000007,0.964885,0.000000,-0.010547,0.999940,-0.002864,0.000000,1.256241,0.305228,-8.080270,1.000000;;
   }

   Frame lower_skirt_B2 {
    

    FrameTransformMatrix {
     0.999981,-0.000000,0.006189,0.000000,-0.000000,1.000000,0.000003,0.000000,-0.006189,-0.000003,0.999981,0.000000,25.866126,0.000000,0.000001,1.000000;;
    }
   }
  }
 }
}

Frame SMDImport {
 

 FrameTransformMatrix {
  1.000000,0.000000,0.000000,0.000000,0.000000,1.000000,0.000000,0.000000,0.000000,0.000000,1.000000,0.000000,0.000000,0.000000,0.000000,1.000000;;
 }

 Mesh SMDImport {
  7476;
  -2.915253;95.235955;-19.102325;,
  -2.180840;90.164282;-21.078643;,
  -3.095100;91.927264;-17.744926;,
  13.526154;76.941370;-11.312908;,
  13.941592;75.944384;-11.682421;,
  14.811370;76.893248;-11.082602;,
  11.836712;79.630310;-11.871245;,
  9.089523;86.470317;-14.097707;,
  5.829115;91.388595;-16.083942;,
  12.814119;80.322272;-12.337214;,
  15.113763;77.960358;-11.605234;,
  16.198221;76.269299;-11.623903;,
  6.983713;92.115296;-16.462000;,
  4.923895;92.943795;-15.696906;,
  6.711643;93.838861;-16.779645;,
  4.410013;93.835162;-16.485014;,
  4.691630;94.321062;-17.730970;,
  3.766251;93.239706;-17.818926;,
  3.839338;91.863654;-16.586664;,
  5.324388;91.214938;-16.290958;,
  6.043709;90.019386;-16.613800;,
  9.429573;83.580819;-14.125787;,
  12.364084;77.039162;-11.509150;,
  13.407229;75.159315;-10.737095;,
  14.510458;75.204768;-11.112583;,
  15.188758;75.730650;-10.875866;,
  15.574541;75.173453;-11.529486;,
  16.099542;75.397715;-12.122536;,
  15.013613;74.924698;-11.763630;,
  13.893051;73.958726;-11.024362;,
  13.030169;74.281069;-11.139686;,
  12.012797;74.842477;-10.746414;,
  12.012797;74.842477;-10.746414;,
  12.364084;77.039162;-11.509150;,
  12.335386;74.870470;-11.529234;,
  13.030169;74.281069;-11.139686;,
  12.923685;77.868205;-12.610190;,
  9.429573;83.580819;-14.125787;,
  10.587328;83.083130;-14.546344;,
  12.997090;75.649824;-12.005085;,
  13.048647;74.458643;-11.585268;,
  13.893051;73.958726;-11.024362;,
  13.341295;74.276954;-12.171755;,
  14.406765;74.751859;-12.132650;,
  14.609827;75.364755;-12.417685;,
  15.013613;74.924698;-11.763630;,
  15.693749;75.908621;-12.920981;,
  16.099542;75.397715;-12.122536;,
  16.198221;76.269299;-11.623903;,
  15.860336;76.904755;-12.058115;,
  15.113763;77.960358;-11.605234;,
  14.967565;77.561837;-12.013066;,
  12.814119;80.322272;-12.337214;,
  14.077261;76.303322;-12.127622;,
  11.354109;82.646355;-13.274302;,
  7.506910;91.065741;-17.128240;,
  8.598970;88.801440;-15.471322;,
  5.610113;90.783891;-17.340754;,
  6.043709;90.019386;-16.613800;,
  5.324388;91.214938;-16.290958;,
  3.839338;91.863654;-16.586664;,
  3.953461;91.729491;-17.901541;,
  3.766251;93.239706;-17.818926;,
  4.368818;92.590406;-18.785525;,
  4.691630;94.321062;-17.730970;,
  6.001114;93.379526;-18.792747;,
  6.704346;94.066630;-17.801718;,
  6.711643;93.838861;-16.779645;,
  6.983713;92.115296;-16.462000;,
  9.089523;86.470317;-14.097707;,
  6.427952;90.618746;-17.591232;,
  5.591450;92.116224;-19.213408;,
  2.688921;88.778976;-21.083704;,
  -0.793311;90.706726;-12.953902;,
  -2.854402;93.692582;-16.037098;,
  4.715187;86.274330;-18.023035;,
  7.788180;39.884797;-23.169979;,
  6.739713;39.142429;-24.148912;,
  7.116058;40.504842;-22.944920;,
  8.305047;33.762688;-22.406688;,
  8.948300;33.940627;-22.088226;,
  11.187702;24.136736;-21.194360;,
  11.827914;24.381882;-20.916984;,
  13.610374;16.612933;-20.834813;,
  14.020501;15.481438;-19.727747;,
  15.096445;10.913852;-21.049003;,
  15.699050;10.141613;-20.373851;,
  15.014832;9.661479;-20.827366;,
  14.126466;11.098043;-21.377930;,
  8.627946;33.727002;-21.480438;,
  7.788180;39.884797;-23.169979;,
  7.116058;40.504842;-22.944920;,
  6.451013;39.452026;-22.269778;,
  6.739713;39.142429;-24.148912;,
  6.234480;38.348064;-23.554832;,
  8.305047;33.762688;-22.406688;,
  7.963103;33.610752;-21.999309;,
  10.843530;24.073123;-20.766136;,
  11.187702;24.136736;-21.194360;,
  11.504102;24.300589;-20.279739;,
  12.809982;16.479939;-20.320835;,
  13.610374;16.612933;-20.834813;,
  14.126466;11.098043;-21.377930;,
  13.817258;10.699950;-21.175394;,
  15.014832;9.661479;-20.827366;,
  14.783782;11.526788;-19.569450;,
  15.699050;10.141613;-20.373851;,
  14.020501;15.481438;-19.727747;,
  11.827914;24.381882;-20.916984;,
  8.948300;33.940627;-22.088226;,
  2.935403;37.602765;-27.232803;,
  -0.498125;39.861242;-25.631368;,
  1.747173;41.272125;-26.918944;,
  4.190413;40.698013;-27.396733;,
  3.095794;42.601523;-25.920344;,
  4.740423;40.046211;-26.861280;,
  3.234303;37.396611;-26.444013;,
  0.877139;37.637238;-25.736576;,
  -0.090711;38.331488;-24.917285;,
  0.813240;40.731773;-24.435253;,
  1.842806;42.078256;-24.688070;,
  0.877139;37.637238;-25.736576;,
  3.234303;37.396611;-26.444013;,
  2.766389;38.277798;-24.846077;,
  -0.090711;38.331488;-24.917285;,
  0.813240;40.731773;-24.435253;,
  1.842806;42.078256;-24.688070;,
  4.740423;40.046211;-26.861280;,
  3.095794;42.601523;-25.920344;,
  10.928669;15.195846;-19.396077;,
  9.864898;21.214254;-19.530053;,
  9.650041;21.094725;-20.190387;,
  6.021768;30.611952;-21.672749;,
  6.306690;30.604870;-20.882469;,
  3.382867;37.129670;-21.899554;,
  3.847560;37.118192;-20.610616;,
  3.876892;38.143830;-19.583248;,
  2.564599;39.401053;-19.401590;,
  13.293474;15.690755;-19.465862;,
  12.746286;15.877445;-18.541366;,
  14.507122;13.187414;-17.782723;,
  12.884518;13.529800;-17.372059;,
  12.563636;12.448082;-17.426386;,
  11.321526;12.530676;-17.340672;,
  12.198861;11.894525;-17.602032;,
  11.502978;11.647144;-17.596539;,
  11.634254;11.101496;-18.511410;,
  10.950474;12.499195;-19.432243;,
  11.602884;15.129984;-18.025933;,
  10.704092;21.489395;-19.491603;,
  7.293862;30.965635;-20.806259;,
  5.376345;37.602294;-20.612541;,
  4.699902;38.813030;-19.377610;,
  4.189905;39.797811;-19.042787;,
  4.425526;40.324656;-19.793034;,
  5.572850;39.586662;-19.871754;,
  6.220542;40.048589;-20.889722;,
  6.537876;37.673702;-21.788051;,
  7.942033;31.227373;-21.591104;,
  11.280878;21.547862;-20.155778;,
  2.211038;38.524362;-21.398682;,
  1.916073;39.573331;-20.728456;,
  4.044493;40.782954;-20.950043;,
  6.072450;40.817226;-21.166859;,
  6.887854;40.310006;-21.329949;,
  7.522173;40.658266;-23.138829;,
  6.351857;37.272221;-22.793677;,
  7.707568;31.167827;-22.246184;,
  11.101574;21.395074;-20.692192;,
  -23.321646;102.536762;22.181806;,
  -23.267229;103.712205;22.981462;,
  -24.503125;102.315418;22.410610;,
  -23.696931;100.924813;21.998013;,
  -25.651104;99.929427;21.627254;,
  -30.557558;92.121306;18.751086;,
  -24.124331;103.287859;21.772315;,
  -23.937856;104.239181;22.414179;,
  -23.326050;103.892006;21.399706;,
  -22.568536;103.585536;21.858240;,
  -23.143782;102.847264;21.723686;,
  -27.298701;97.013011;19.298446;,
  -31.387926;89.230394;18.477398;,
  -26.127347;97.970144;20.234291;,
  -22.767872;103.201613;22.783837;,
  -31.556662;89.535187;19.282797;,
  -31.873424;87.613318;18.426163;,
  -32.933974;87.845293;20.398400;,
  -32.489162;87.350509;18.943187;,
  -33.868906;88.553197;19.566643;,
  -33.432954;87.961203;18.454048;,
  -33.394698;88.538240;18.387250;,
  -31.978730;90.208320;19.812933;,
  -28.284074;95.553882;20.244621;,
  6.986824;85.090880;-11.366514;,
  10.693684;92.481965;-9.490084;,
  9.498018;86.667738;-7.586190;,
  11.384407;73.138061;-12.686292;,
  14.150330;70.899706;-15.171562;,
  12.304952;69.202438;-12.961376;,
  13.048088;74.027328;-15.962882;,
  11.138994;76.988550;-16.065085;,
  16.926029;76.162925;-15.113302;,
  14.392437;79.694246;-15.575074;,
  18.293538;77.145562;-12.035746;,
  15.130547;80.802989;-12.775432;,
  17.370098;76.823443;-7.503452;,
  14.236136;80.942131;-9.483938;,
  13.625314;74.573747;-5.489211;,
  11.720818;79.467917;-8.015126;,
  9.691644;76.862790;-9.870687;,
  8.090708;84.993722;-10.322302;,
  6.627014;82.309818;-13.240888;,
  8.861062;89.690797;-10.191626;,
  8.848990;97.520307;-16.544413;,
  11.816220;73.292960;-9.259222;,
  11.384407;73.138061;-12.686292;,
  9.534210;76.034515;-12.911007;,
  11.396858;88.065907;-14.531834;,
  10.799886;87.559526;-11.690374;,
  10.843394;93.133242;-13.960264;,
  10.022646;93.068179;-16.951688;,
  8.653429;90.714362;-19.154198;,
  10.500988;86.429824;-17.279112;,
  5.839587;85.959872;-15.754840;,
  7.623378;83.598829;-17.516256;,
  7.324405;96.385498;-20.107494;,
  5.917394;94.088218;-19.774912;,
  4.901709;91.878022;-19.131264;,
  3.150208;88.361536;-17.685208;,
  3.091308;86.304710;-9.796622;,
  5.878281;85.584742;-8.355299;,
  9.498018;86.667738;-7.586190;,
  6.986824;85.090880;-11.366514;,
  6.627014;82.309818;-13.240888;,
  9.534210;76.034515;-12.911007;,
  -27.635037;98.454656;22.985821;,
  -22.450341;104.281446;24.877069;,
  -25.798230;101.915731;23.927595;,
  -23.767157;104.749261;24.711098;,
  -22.919746;104.918451;24.937618;,
  -33.231126;89.914765;20.271022;,
  -34.047642;88.768045;20.408570;,
  -34.433213;89.454925;19.382237;,
  -34.377434;88.704877;20.629818;,
  -29.305920;94.735802;21.572030;,
  -32.256470;92.077715;21.207413;,
  -27.254170;99.918445;22.314259;,
  -24.744854;103.501587;22.969307;,
  -23.707638;104.734624;23.889114;,
  -23.252918;105.718778;24.055386;,
  -21.983803;105.277850;23.831509;,
  -22.441078;103.533645;24.119259;,
  -22.955520;104.212442;23.756026;,
  -22.598874;105.468096;23.482965;,
  -34.970688;89.578253;19.965474;,
  -25.594014;100.349024;22.992213;,
  -23.439030;102.416826;22.974878;,
  -22.546661;102.815046;23.371554;,
  -23.481002;103.973037;22.270774;,
  -24.106958;103.545293;22.345621;,
  -25.454277;100.954970;22.667709;,
  -27.830403;98.391706;21.644634;,
  -33.144598;90.870061;20.213472;,
  -22.692528;103.043738;22.478202;,
  -16.112928;51.359856;9.056561;,
  -20.699101;42.383405;8.050417;,
  -21.797515;43.098275;9.751926;,
  -15.574005;50.987715;7.900561;,
  -9.963749;60.031136;8.954434;,
  -23.250797;38.804765;7.957720;,
  -23.306346;39.630854;9.066922;,
  -24.320163;40.202941;10.461979;,
  -23.226093;40.428525;11.661583;,
  -21.062722;42.956909;10.873808;,
  -15.667213;51.274109;9.737284;,
  -9.617042;59.881926;9.706946;,
  -8.672083;61.834989;9.521443;,
  -21.877350;39.083267;7.324491;,
  -19.596344;41.951184;7.991147;,
  -20.574464;38.291779;7.012318;,
  -22.294326;36.830176;7.668682;,
  -23.314182;38.243085;8.955065;,
  -23.883118;38.698333;10.818494;,
  -22.871208;38.321472;12.688501;,
  -21.915424;40.117462;12.594633;,
  -20.090328;42.219085;11.357186;,
  -14.790694;50.856310;10.114982;,
  -8.820274;59.359130;10.198270;,
  -8.374111;61.368691;10.332383;,
  -7.749974;64.245466;10.840790;,
  -6.609880;64.311885;11.322209;,
  -5.665365;65.673056;10.301534;,
  -19.252069;37.788045;7.609977;,
  -20.901186;36.926445;7.287187;,
  -20.534384;35.748141;8.437252;,
  -21.577352;35.969690;9.241729;,
  -22.163557;37.261357;9.525283;,
  -22.231714;37.834451;10.559029;,
  -22.189629;37.614013;11.973406;,
  -7.964777;63.282496;9.113566;,
  -6.138186;65.489165;7.675214;,
  -7.244440;62.394598;7.670344;,
  -7.027843;65.484717;8.665268;,
  -4.244406;65.151507;8.165446;,
  -5.690506;64.688026;9.213654;,
  -6.533142;65.514656;9.170288;,
  -6.891665;65.683859;9.942683;,
  -9.284922;59.629094;7.837721;,
  -14.750018;50.525901;8.063958;,
  -5.643198;61.910835;7.573739;,
  -6.394256;60.054624;8.035945;,
  -7.197952;61.625235;7.558632;,
  -4.777380;62.853696;6.297423;,
  -8.514729;59.072256;8.101478;,
  -4.510738;66.343725;6.736558;,
  -3.418102;66.155731;6.829543;,
  -4.711109;66.102522;5.310264;,
  -3.599436;65.649811;4.847402;,
  -4.065117;64.602144;4.463291;,
  -2.683565;64.917325;5.606735;,
  -2.955753;63.494176;5.713944;,
  -3.847061;62.732314;5.847355;,
  -5.153808;63.675264;5.087078;,
  -5.824100;63.583174;6.276301;,
  -5.833868;65.572960;5.818524;,
  -5.014611;97.512275;-16.629234;,
  -3.775737;99.841184;-18.774597;,
  -3.240391;99.236480;-17.899360;,
  -2.284878;101.686266;-18.879448;,
  -2.024048;101.192954;-17.831184;,
  -1.012375;104.105178;-17.938194;,
  -0.532707;103.133613;-16.802589;,
  0.721436;104.708243;-14.664360;,
  0.396420;105.814048;-15.339278;,
  0.327431;107.259200;-13.436843;,
  -0.868797;106.487744;-15.466763;,
  -0.971561;106.137728;-16.776262;,
  -1.163630;104.962234;-18.082069;,
  -0.451527;107.642368;-10.880036;,
  -0.491127;108.663962;-11.617753;,
  0.288837;106.117536;-12.719277;,
  -0.578222;107.017901;-17.806309;,
  -0.910936;104.476019;-19.004878;,
  -0.363417;106.758605;-19.416448;,
  -1.077085;104.982726;-19.747336;,
  1.218857;109.840550;-17.456790;,
  -0.261827;116.974413;-15.143638;,
  -2.409061;116.323328;-14.155709;,
  -0.738373;115.844134;-15.068890;,
  0.355133;114.931354;-16.781674;,
  0.717367;113.017856;-16.081406;,
  1.339518;112.300979;-17.995842;,
  1.228367;109.189427;-19.450322;,
  -0.189361;106.511526;-20.879242;,
  -1.039536;103.675309;-21.144182;,
  -2.366514;102.154317;-20.263555;,
  -2.714390;101.238253;-19.670845;,
  -4.486112;99.807891;-18.332739;,
  -2.723108;101.991942;-18.851960;,
  -0.714439;104.700378;-21.527190;,
  0.114380;106.796582;-21.899150;,
  -1.955038;118.830054;-15.024285;,
  -0.247875;118.304486;-15.962272;,
  -2.050572;117.583104;-14.207314;,
  -4.037538;117.927437;-14.212614;,
  -4.230282;116.618125;-14.130195;,
  -5.128140;120.653299;-18.400947;,
  -6.417614;120.227942;-17.066147;,
  -5.072727;120.362470;-16.716122;,
  -5.677044;119.364314;-15.241093;,
  -3.818779;119.158515;-14.934570;,
  -7.344828;119.323174;-16.375672;,
  -8.538786;116.951130;-23.834835;,
  -6.331278;117.148352;-25.614014;,
  -7.261047;116.073600;-25.739762;,
  -6.924156;118.083494;-24.008186;,
  -4.996262;118.627430;-24.065770;,
  -7.502373;119.029030;-22.062134;,
  -5.212118;119.665165;-22.062554;,
  -5.427208;120.365734;-20.491650;,
  -3.338692;120.301005;-20.361030;,
  -3.425751;120.552883;-18.245792;,
  -3.553015;120.371456;-16.508136;,
  -2.083382;119.933376;-16.541989;,
  -0.799423;119.421504;-16.738883;,
  0.773270;117.809165;-17.504330;,
  1.254490;114.435200;-22.989315;,
  -0.173382;115.056256;-25.326909;,
  1.073761;115.571379;-23.274906;,
  -0.772575;116.350451;-25.290222;,
  -0.128014;117.107994;-23.612309;,
  -1.806507;118.169574;-23.879966;,
  0.466778;117.885158;-21.597931;,
  -1.537745;119.137754;-21.848522;,
  -1.315056;119.775462;-20.252117;,
  -1.757345;120.169446;-18.204597;,
  -0.095337;119.037978;-18.121533;,
  1.272825;117.120141;-19.410080;,
  0.508814;118.521178;-19.845490;,
  1.495451;116.236762;-21.281170;,
  1.725437;114.999309;-21.050224;,
  0.222096;112.791373;-22.366485;,
  -0.542099;112.638733;-24.478283;,
  1.814674;115.686426;-18.880829;,
  -0.005552;110.987661;-23.903667;,
  0.926083;111.308992;-21.900211;,
  1.031374;116.416781;-16.840171;,
  0.821873;114.169165;-18.497230;,
  0.704645;113.287398;-20.608445;,
  1.406048;111.655910;-20.077869;,
  0.988226;108.851110;-21.053421;,
  0.307819;108.577344;-22.475216;,
  -0.715048;108.779251;-22.700168;,
  -1.307434;111.279936;-25.145843;,
  -1.891171;112.717427;-26.114166;,
  0.023319;113.855258;-25.143531;,
  -1.690256;114.727373;-27.244010;,
  -1.600225;113.612506;-26.994067;,
  -3.844814;113.755059;-27.802669;,
  -3.676613;114.823437;-28.057549;,
  -4.042181;112.749926;-26.891216;,
  -6.116163;114.260710;-27.257117;,
  -5.689358;115.301402;-27.476960;,
  -3.478836;116.761715;-26.676590;,
  -2.067661;116.535821;-26.247219;,
  -3.357292;118.638310;-24.138867;,
  -4.936050;116.947533;-26.414299;,
  -4.272842;111.379277;-26.308914;,
  -6.189898;113.334464;-26.364566;,
  -7.806097;114.979085;-25.599594;,
  -3.318176;119.780429;-21.996032;,
  -7.259442;112.134285;-25.492546;,
  -9.315303;110.265446;-12.063748;,
  -11.147923;109.704461;-16.347237;,
  -11.489752;108.806195;-14.493315;,
  -11.953938;107.473459;-17.142334;,
  -11.473876;109.212698;-18.539069;,
  -11.211145;107.191130;-19.000294;,
  -11.349898;108.660301;-20.559021;,
  -10.932201;105.452749;-21.086248;,
  -10.080925;106.044838;-22.072792;,
  -10.240910;108.282970;-22.502346;,
  -9.860500;110.036890;-23.067520;,
  -8.803379;109.940237;-23.171314;,
  -8.723570;112.239027;-24.411496;,
  -7.683918;113.663846;-24.894294;,
  -9.062063;115.916032;-23.590248;,
  -7.636310;110.341376;-8.946632;,
  -10.133014;109.075008;-8.226120;,
  -4.144398;109.289242;-8.059311;,
  -7.077721;109.295514;-7.918159;,
  -9.497978;108.229389;-7.685791;,
  -11.099498;106.635539;-7.231118;,
  -11.679585;107.282374;-8.045624;,
  -12.149300;106.899597;-13.094385;,
  -12.347332;104.613517;-12.266466;,
  -12.586603;104.900160;-16.263080;,
  -11.761799;104.756358;-18.586944;,
  -11.868050;103.964544;-7.326118;,
  0.646580;110.370765;-15.081288;,
  -0.950765;107.657984;-16.774696;,
  -1.295900;107.323578;-15.750898;,
  -1.244962;107.480909;-13.591438;,
  -2.274507;108.371904;-12.189178;,
  -2.145309;109.587187;-10.080262;,
  -2.217247;108.476941;-9.317429;,
  -4.228096;110.167859;-9.061798;,
  -3.732502;109.296589;-11.148426;,
  -5.871876;110.070400;-10.675926;,
  -6.321380;110.588608;-11.530766;,
  -10.196197;110.789990;-14.110931;,
  -10.594032;110.513600;-21.728085;,
  -10.910354;110.931814;-20.157402;,
  -10.945656;111.586624;-18.165374;,
  -10.521814;111.973862;-15.731846;,
  -8.360983;110.887066;-12.751117;,
  -4.189698;110.052915;-11.673934;,
  -2.759923;109.189043;-12.659351;,
  -10.309544;113.973082;-18.674400;,
  -9.733385;114.517939;-16.690163;,
  -9.205714;112.086797;-13.730026;,
  -6.206942;109.872256;-12.572315;,
  -5.220772;108.641856;-12.022082;,
  -1.534712;108.327987;-13.903493;,
  -1.416807;108.306675;-15.156326;,
  -3.155372;108.830861;-13.465082;,
  -0.803923;110.880819;-13.240623;,
  -3.014778;111.363341;-12.095114;,
  -0.428837;113.795482;-14.196542;,
  -2.520634;114.346816;-13.191615;,
  -5.070104;111.647603;-11.960952;,
  -9.235373;115.612762;-19.083061;,
  -10.316927;113.338611;-20.760734;,
  -9.573398;116.621133;-21.708382;,
  -9.712635;117.341043;-19.552296;,
  -9.130646;114.699149;-21.181347;,
  -8.609764;114.059085;-22.880944;,
  -9.749388;112.841344;-22.522056;,
  -8.993456;117.855757;-17.424122;,
  -8.734020;118.556506;-19.992978;,
  -8.772006;116.241446;-17.313323;,
  -4.562645;114.712448;-13.120300;,
  -7.093529;111.948813;-12.332703;,
  -8.637335;114.973722;-14.674682;,
  -7.668713;116.838925;-15.472584;,
  -7.797545;118.056102;-15.582598;,
  -8.281529;119.108890;-18.031773;,
  -7.038918;120.034650;-18.525997;,
  -7.563503;119.679872;-20.315704;,
  -8.980994;117.740531;-21.891419;,
  -6.603338;114.932851;-13.429435;,
  -6.045883;116.845363;-14.367554;,
  -6.028524;118.154086;-14.439034;,
  -0.606293;97.746739;-18.700107;,
  -1.085435;101.739725;-18.205598;,
  0.983312;99.932083;-19.336091;,
  3.513123;92.947334;-19.577946;,
  4.242022;95.786637;-19.752867;,
  5.154749;97.696595;-19.194507;,
  5.917394;94.088218;-19.774912;,
  7.324405;96.385498;-20.107494;,
  4.901709;91.878022;-19.131264;,
  3.150208;88.361536;-17.685208;,
  -1.894129;90.608352;-15.395928;,
  3.091308;86.304710;-9.796622;,
  -1.297398;86.036435;-12.001072;,
  1.780516;78.244736;-7.772004;,
  0.776704;80.107245;-3.776331;,
  4.513855;79.744947;-3.554855;,
  5.086925;77.299424;-5.539561;,
  7.446772;80.022426;-1.531461;,
  4.905772;80.407194;-2.794688;,
  8.267536;81.048064;-0.596966;,
  8.452738;84.560576;-3.423516;,
  3.639013;82.548256;-5.263775;,
  5.878281;85.584742;-8.355299;,
  -0.237956;83.254682;-6.298736;,
  -4.085390;85.351392;-5.245511;,
  -5.591408;88.524717;-8.868098;,
  -6.349746;93.757222;-12.025164;,
  -3.499168;95.705146;-16.354366;,
  9.498018;86.667738;-7.586190;,
  -2.671855;82.247117;-3.034838;,
  0.969427;81.035738;-3.748066;,
  -4.386071;100.632467;-17.405008;,
  -1.995367;103.671891;-17.082982;,
  -3.324450;99.106771;-17.167336;,
  -5.321491;97.952512;-15.739342;,
  -6.954284;96.932192;-12.768578;,
  -9.608081;96.831770;-7.720854;,
  -9.230486;92.012352;-4.137109;,
  -8.074394;88.390822;-0.294643;,
  -6.919758;84.658566;2.360434;,
  -2.771637;79.759962;-2.264678;,
  -1.011000;76.222963;-9.957766;,
  -9.628161;98.888557;-9.210113;,
  -8.348156;97.811059;-13.578872;,
  -6.802506;98.767629;-15.956352;,
  -5.887268;75.932570;-6.647837;,
  -9.552849;74.857267;-1.553440;,
  -6.278047;79.854605;2.374520;,
  -7.498892;79.750496;4.440526;,
  -10.991137;74.169011;0.534664;,
  -10.388950;74.557466;2.335447;,
  -10.455972;99.609261;-10.149233;,
  -10.249576;100.034592;-8.295426;,
  -11.031222;98.164659;-5.670367;,
  -11.023245;93.638598;-1.494729;,
  -9.946534;89.678874;2.664717;,
  -8.879929;85.649011;5.277380;,
  -7.747664;79.587142;8.679428;,
  -8.200290;74.093709;10.476221;,
  -6.047748;79.723808;11.425494;,
  -5.318904;73.969133;10.555151;,
  -2.936836;79.698810;13.416293;,
  -6.207850;86.497222;12.085749;,
  -11.573258;103.259123;-9.480362;,
  -10.054037;90.660051;6.939514;,
  -8.464410;86.205203;8.883102;,
  -7.821723;91.093850;10.187809;,
  -2.602476;87.004518;13.957152;,
  -4.009293;90.557101;13.223075;,
  -7.784878;96.649523;9.583969;,
  -10.305440;95.897101;8.246484;,
  -11.800559;95.438822;3.151259;,
  -11.803129;99.413267;-0.501372;,
  -11.877784;103.593306;-4.980924;,
  -11.140175;103.430586;-7.840866;,
  -11.148807;105.465178;-11.002602;,
  -10.984217;105.834381;-7.707696;,
  -9.218647;108.971046;-7.877181;,
  -9.745131;108.009037;-11.758707;,
  -4.031384;99.405043;10.778973;,
  -12.727030;103.871123;-0.365175;,
  -10.699074;106.347674;-4.907549;,
  -12.010059;107.149939;-1.742451;,
  -13.636122;104.309690;0.891802;,
  -13.710363;108.001536;-0.064310;,
  -11.975578;99.952467;3.732533;,
  -10.146995;109.930010;-5.234997;,
  -10.661367;110.441139;-1.515743;,
  -12.170021;111.721754;0.376776;,
  -3.188408;65.035590;7.901522;,
  -3.230881;63.275475;7.534311;,
  -2.554640;64.825734;6.999281;,
  -4.483210;63.515981;8.279308;,
  -5.472370;63.112787;9.278648;,
  -5.643198;61.910835;7.573739;,
  -4.777380;62.853696;6.297423;,
  -3.847061;62.732314;5.847355;,
  -2.955753;63.494176;5.713944;,
  -2.683565;64.917325;5.606735;,
  -3.418102;66.155731;6.829543;,
  -4.244406;65.151507;8.165446;,
  -5.690506;64.688026;9.213654;,
  -5.212562;63.044550;9.880926;,
  -4.401550;64.622374;9.819848;,
  -5.166714;62.567072;10.361431;,
  -4.877336;64.340352;10.878656;,
  -6.169983;62.074534;10.927461;,
  -6.609880;64.311885;11.322209;,
  -5.665365;65.673056;10.301534;,
  -6.286402;60.733779;9.305579;,
  -6.394256;60.054624;8.035945;,
  -19.414680;38.859603;8.275733;,
  -19.010704;36.621654;8.739907;,
  -19.252069;37.788045;7.609977;,
  -19.596344;41.951184;7.991147;,
  -18.937790;41.421814;9.186983;,
  -14.750018;50.525901;8.063958;,
  -14.230248;50.256307;8.974548;,
  -8.514729;59.072256;8.101478;,
  -8.142857;58.721395;9.091326;,
  -6.783756;59.319334;8.779520;,
  -19.276270;37.867331;9.753474;,
  -19.392742;36.379872;9.642822;,
  -8.374111;61.368691;10.332383;,
  -8.820274;59.359130;10.198270;,
  -14.790694;50.856310;10.114982;,
  -20.090328;42.219085;11.357186;,
  -20.301418;39.915350;10.142402;,
